22,32,55,37,
54,22,69,11,
69,56,77,67,
49,80,26,40,
95,97,57,83,
62,23,68,98,
71,70,52,86,
89,82,69,39,
99,28,62,94,
64,54,75,56,
23,44,14,68,
72,22,84,91,
50,60,18,26,
74,100,95,29,
62,45,79,65,
11,19,95,25,
58,29,70,38,
82,42,96,40,
82,47,69,59,
31,14,73,69,
30,39,35,92,
13,22,83,59,
76,44,24,26,
99,58,97,77,
71,50,27,79,
74,96,92,92,
19,36,79,62,
63,44,54,57,
27,23,21,86,
93,66,26,97,
84,23,43,37,
30,57,45,28,
49,66,41,93,
81,74,12,27,
16,86,66,99,
52,33,51,77,
95,37,38,85,
92,71,26,70,
18,54,62,16,
81,30,57,36,
36,86,12,100,
16,32,89,32,
18,44,88,67,
28,17,16,93,
90,15,29,91,
64,23,48,10,
55,99,21,96,
62,85,70,71,
64,89,74,49,
54,92,60,39,
98,74,61,53,
75,90,75,98,
96,16,41,32,
10,39,86,29,
42,47,36,12,
79,32,70,16,
25,86,82,94,
26,26,21,26,
11,39,23,16,
55,59,53,36,
94,77,73,65,
42,34,60,94,
90,43,36,95,
53,42,34,46,
54,75,32,25,
28,22,11,71,
40,89,10,15,
26,95,23,96,
76,11,64,73,
19,55,85,41,
73,89,47,100,
50,79,35,69,
10,62,80,13,
20,41,68,35,
75,19,92,100,
17,65,13,35,
28,11,56,94,
19,69,29,43,
46,93,11,67,
65,52,63,28,
90,51,60,68,
62,22,42,83,
43,52,64,12,
60,82,31,42,
45,44,85,96,
21,52,44,32,
37,33,54,77,
21,85,94,50,
45,82,82,95,
48,60,46,89,
14,62,31,90,
80,24,76,48,
59,20,59,24,
22,98,82,73,
27,50,25,70,
65,87,90,55,
30,23,23,88,
94,59,42,16,
70,69,88,85,
60,26,49,97,
85,55,55,32,
57,13,74,10,
98,45,71,91,
47,18,79,19,
28,32,72,31,
66,27,27,92,
53,43,62,41,
32,52,16,14,
84,43,95,18,
30,58,27,81,
73,45,76,44,
96,39,52,36,
70,69,43,74,
38,41,10,71,
77,10,32,76,
84,38,90,70,
25,88,19,17,
77,73,30,53,
55,50,55,97,
32,92,64,31,
44,14,98,71,
18,57,66,72,
44,11,58,47,
67,16,72,26,
17,88,61,74,
23,21,54,95,
69,39,40,82,
86,85,25,55,
10,66,64,71,
25,100,19,33,
29,85,56,73,
35,98,64,91,
37,20,82,47,
50,35,16,66,
81,94,32,27,
89,89,30,97,
38,10,57,87,
29,47,37,97,
99,48,72,67,
96,78,17,78,
97,94,53,76,
86,84,40,20,
27,39,82,71,
33,19,68,11,
39,85,41,43,
95,76,45,90,
73,39,74,92,
55,31,81,45,
68,63,63,94,
59,24,96,68,
30,32,12,81,
79,62,58,38,
27,66,18,82,
100,32,81,86,
81,69,99,69,
24,56,11,39,
18,81,85,26,
89,19,20,57,
65,37,72,77,
100,96,23,13,
42,46,24,35,
79,15,63,97,
54,61,57,96,
71,88,23,56,
39,65,96,98,
23,23,32,53,
80,97,47,78,
78,69,99,85,
62,73,61,100,
31,82,77,18,
78,75,36,18,
63,16,38,95,
14,53,24,75,
84,84,32,67,
70,74,42,63,
100,46,69,43,
38,64,17,54,
44,65,64,22,
41,25,14,40,
35,66,20,30,
12,23,43,76,
10,87,30,99,
58,44,45,39,
53,86,96,44,
85,27,22,54,
94,82,95,54,
90,98,100,99,
45,45,12,35,
23,77,77,98,
96,93,28,85,
14,60,53,10,
15,80,13,94,
66,87,63,80,
84,62,71,28,
59,43,52,47,
13,89,44,90,
64,28,95,40,
91,54,94,64,
87,73,94,95,
83,84,87,24,
32,42,70,16,
97,78,75,62,
18,86,52,66,
63,43,94,58,
84,38,59,54,
45,93,90,79,
57,58,67,87,
13,63,84,58,
68,98,48,41,
50,45,12,39,
24,13,39,46,
35,38,89,22,
45,100,29,52,
80,46,63,100,
35,89,24,69,
72,43,50,79,
61,82,74,22,
91,52,66,75,
38,36,51,78,
36,64,16,15,
48,90,90,14,
53,27,78,68,
16,99,77,23,
36,95,46,18,
64,50,72,79,
56,58,54,32,
17,18,29,17,
22,53,10,66,
57,77,84,35,
22,55,19,98,
36,32,82,11,
28,56,25,70,
66,47,57,77,
72,95,77,76,
22,11,69,42,
70,100,57,47,
70,39,94,25,
21,71,81,23,
81,94,16,86,
29,27,86,44,
79,17,59,88,
40,72,20,51,
80,76,70,99,
54,56,24,27,
81,100,32,29,
32,58,38,31,
51,54,80,13,
45,22,70,11,
15,24,25,59,
37,82,84,51,
42,50,62,11,
28,87,48,61,
83,50,37,76,
39,47,52,24,
70,21,14,72,
55,75,59,81,
46,11,78,10,
16,11,31,22,
89,72,61,91,
23,13,43,19,
16,68,61,31,
72,66,36,96,
86,91,29,45,
79,43,31,45,
59,65,60,13,
65,55,27,58,
28,49,47,19,
10,41,51,70,
57,62,73,38,
73,17,16,96,
72,80,20,100,
42,100,65,62,
27,69,92,98,
90,85,42,89,
96,27,32,46,
55,18,42,51,
93,56,13,93,
43,69,17,19,
56,89,14,78,
61,96,28,27,
84,12,41,28,
37,53,33,44,
52,68,73,39,
23,74,98,88,
36,73,13,23,
45,26,65,71,
38,46,60,75,
100,80,28,28,
52,55,35,73,
76,58,49,52,
25,49,72,37,
100,36,75,79,
71,99,79,57,
26,22,11,41,
93,70,47,66,
34,10,75,61,
58,53,26,31,
81,20,46,78,
54,73,56,86,
34,58,36,44,
65,62,96,23,
40,86,79,80,
15,74,48,10,
73,21,24,34,
19,89,29,81,
10,48,17,44,
80,20,87,57,
95,75,51,19,
78,35,94,44,
13,80,61,85,
93,71,81,38,
92,28,50,47,
38,62,60,58,
94,51,54,92,
27,56,32,41,
100,77,97,91,
67,22,49,98,
59,15,76,88,
90,23,96,12,
10,45,87,56,
94,61,71,90,
64,62,77,78,
38,41,84,33,
54,10,18,77,
24,48,59,31,
34,84,38,81,
97,67,77,96,
32,83,28,23,
35,91,45,75,
30,42,52,15,
73,77,51,72,
88,59,97,88,
99,89,20,38,
48,61,70,84,
95,68,59,17,
58,12,52,18,
23,14,29,28,
13,31,94,86,
41,20,58,61,
39,64,54,10,
11,90,81,63,
91,57,90,35,
50,97,52,80,
70,12,40,77,
12,79,46,67,
17,47,65,69,
18,85,59,56,
47,51,72,46,
92,74,100,60,
96,100,94,38,
57,86,77,89,
88,49,62,78,
56,74,25,12,
87,22,86,59,
17,78,33,29,
62,64,24,19,
76,72,70,20,
50,63,42,26,
53,86,65,62,
90,59,40,21,
50,82,92,81,
77,20,74,78,
99,75,51,81,
50,72,62,51,
43,66,20,74,
72,90,75,17,
56,89,65,14,
36,19,48,56,
13,29,45,69,
86,52,90,79,
18,35,37,52,
72,51,38,57,
73,61,94,22,
96,73,52,92,
95,16,24,14,
23,17,91,53,
39,24,27,88,
11,19,75,56,
41,10,49,65,
78,37,46,28,
57,32,13,100,
52,95,55,70,
39,14,16,59,
97,65,71,65,
63,24,74,33,
71,97,72,55,
43,20,66,14,
39,31,35,83,
99,100,87,16,
50,17,25,48,
18,47,29,22,
66,11,39,41,
24,22,19,37,
34,98,59,19,
57,23,40,30,
48,30,63,97,
73,92,22,85,
71,80,21,22,
69,46,29,51,
30,77,98,78,
58,84,59,57,
63,53,86,67,
23,53,93,95,
41,76,17,69,
65,49,30,85,
76,17,72,35,
22,78,83,86,
64,69,76,74,
25,11,30,56,
43,54,43,68,
91,62,43,73,
50,32,50,56,
72,12,90,86,
30,78,46,86,
77,69,74,10,
34,66,78,30,
77,33,60,63,
76,79,58,40,
38,10,47,30,
71,60,100,13,
87,73,34,79,
97,36,38,47,
70,90,47,43,
43,45,51,62,
53,49,60,84,
54,78,59,93,
55,53,76,62,
69,66,97,78,
66,49,20,65,
52,55,56,10,
26,50,41,89,
68,10,88,96,
21,81,41,18,
72,82,95,68,
14,74,32,63,
23,47,61,70,
49,59,68,52,
93,72,79,25,
55,86,42,40,
56,31,15,74,
37,91,88,73,
45,22,92,23,
35,73,91,20,
13,79,18,54,
36,31,50,81,
54,20,26,91,
15,30,86,81,
38,78,22,97,
77,96,58,72,
15,58,89,26,
98,85,79,62,
42,26,59,44,
21,21,98,96,
36,86,79,84,
28,48,46,79,
22,99,44,75,
74,31,37,38,
63,10,78,41,
44,67,68,65,
100,88,99,33,
17,81,41,59,
75,86,95,45,
39,42,15,11,
86,96,64,52,
25,83,82,32,
80,68,41,14,
19,60,92,32,
64,18,32,29,
56,94,61,35,
34,36,31,56,
14,50,50,28,
71,40,74,88,
35,34,22,99,
69,23,41,97,
48,38,25,82,
55,58,45,96,
15,59,81,75,
47,43,60,83,
72,43,11,45,
62,70,96,20,
41,40,55,32,
25,16,98,81,
13,61,88,65,
17,58,89,42,
73,96,75,97,
38,34,88,32,
98,29,22,63,
69,98,50,64,
35,12,97,78,
25,64,79,62,
22,45,26,15,
98,94,65,89,
55,51,70,85,
15,38,80,62,
92,25,52,24,
20,84,61,39,
52,36,85,89,
40,91,65,74,
96,34,82,27,
100,37,48,96,
100,94,94,26,
98,75,45,72,
40,55,37,63,
53,70,98,95,
57,64,93,14,
86,77,31,49,
31,59,54,40,
10,88,95,17,
86,19,65,10,
19,68,68,66,
80,69,46,32,
29,11,86,38,
39,24,82,78,
43,44,99,93,
92,90,43,56,
10,76,70,58,
40,23,74,48,
71,39,59,67,
67,30,74,79,
52,63,17,32,
79,17,64,40,
39,58,46,28,
11,31,49,58,
24,15,33,55,
77,45,64,80,
61,95,42,40,
90,64,51,12,
59,34,87,93,
98,71,55,39,
44,95,60,30,
19,53,60,14,
64,47,32,33,
18,30,68,38,
32,24,81,26,
64,70,11,42,
46,59,34,82,
78,18,66,88,
76,89,89,72,
17,71,73,76,
67,73,37,26,
77,18,40,80,
63,47,60,40,
91,71,68,70,
28,91,61,44,
53,11,70,55,
97,75,70,72,
52,55,24,88,
46,46,25,76,
47,52,97,18,
85,18,78,11,
66,50,69,93,
56,27,67,67,
22,39,23,26,
36,58,28,83,
33,16,71,50,
53,55,80,86,
63,83,73,34,
97,21,58,92,
30,80,24,93,
36,52,60,83,
53,86,27,35,
74,38,99,73,
57,86,14,93,
31,88,42,91,
74,92,79,12,
57,66,91,94,
88,40,45,58,
92,30,40,57,
95,14,79,29,
30,81,97,40,
43,12,34,23,
83,73,13,27,
66,100,84,22,
61,28,96,32,
98,53,13,67,
90,45,32,92,
68,53,58,55,
46,10,61,23,
79,51,17,11,
88,24,91,55,
87,37,26,47,
18,55,12,97,
10,64,81,44,
54,76,20,45,
74,49,98,22,
50,42,60,10,
95,10,80,49,
93,92,48,61,
15,43,35,40,
66,60,34,75,
83,49,62,73,
26,68,15,69,
26,23,40,41,
52,70,21,26,
84,85,28,78,
43,64,49,28,
18,90,15,23,
95,39,64,92,
82,93,24,73,
81,21,16,99,
68,39,30,72,
98,34,52,85,
11,26,48,80,
75,81,38,57,
33,80,41,85,
18,73,68,46,
56,41,39,12,
91,42,35,95,
36,48,30,52,
14,94,29,59,
36,58,42,98,
13,17,55,17,
81,42,26,40,
34,92,41,46,
85,69,68,84,
98,29,82,15,
49,87,50,64,
43,88,63,42,
97,68,27,39,
98,82,85,40,
53,75,41,30,
95,41,13,25,
26,38,83,54,
96,74,77,80,
30,71,36,44,
81,50,32,62,
87,34,11,94,
46,20,83,63,
71,65,74,33,
94,19,44,49,
64,62,63,34,
12,63,91,61,
94,51,35,89,
41,13,100,45,
25,67,87,92,
90,88,36,78,
36,45,56,16,
73,78,72,12,
86,74,51,43,
62,12,63,48,
64,27,46,32,
40,13,13,71,
12,40,55,77,
66,51,35,74,
80,80,39,93,
30,60,38,98,
99,66,56,74,
48,41,81,41,
72,69,54,95,
18,100,44,42,
42,57,47,31,
87,93,82,98,
44,53,67,43,
64,67,70,17,
92,84,68,84,
78,30,32,60,
78,77,23,90,
97,54,39,86,
58,27,40,38,
41,95,92,28,
20,88,50,80,
44,73,93,60,
65,64,24,100,
17,85,89,56,
89,46,25,56,
84,14,72,30,
66,74,43,12,
66,50,76,52,
76,71,37,78,
60,53,51,35,
38,59,83,63,
55,92,38,87,
83,99,68,33,
97,12,94,38,
64,15,52,61,
11,90,83,51,
45,44,90,34,
69,37,74,41,
85,27,46,53,
18,71,62,44,
51,74,99,27,
21,89,79,34,
62,90,82,68,
74,32,16,80,
67,51,26,84,
96,63,92,91,
100,44,83,11,
75,33,69,88,
16,45,43,83,
74,66,71,16,
45,15,57,97,
99,95,83,31,
94,76,71,41,
84,97,31,79,
83,31,51,18,
90,49,11,12,
13,17,95,50,
27,35,97,72,
11,63,75,19,
89,57,30,28,
61,41,54,82,
26,60,86,79,
60,76,65,83,
52,80,43,78,
11,59,56,11,
50,69,77,75,
47,16,35,10,
99,22,99,36,
97,25,29,39,
81,14,78,83,
86,96,61,93,
31,33,54,95,
65,47,83,32,
25,88,53,95,
22,97,82,36,
86,58,94,63,
24,27,37,46,
13,86,73,65,
76,22,13,60,
96,16,72,96,
36,35,74,59,
58,68,69,95,
16,11,100,80,
32,59,93,46,
72,50,46,100,
24,58,31,16,
15,62,46,34,
22,36,51,96,
15,74,21,59,
60,45,89,36,
99,52,61,66,
80,57,50,60,
97,14,28,84,
94,89,53,72,
39,23,94,52,
52,95,95,47,
28,63,76,91,
24,13,31,13,
96,39,45,76,
70,69,62,42,
14,73,16,11,
67,60,59,32,
68,27,54,88,
82,31,34,39,
11,71,13,65,
87,37,83,52,
94,98,98,85,
78,97,60,77,
10,45,10,95,
12,36,60,62,
