88,48,84,62,
98,96,47,71,
49,100,98,95,
95,93,64,10,
48,60,20,65,
28,52,68,84,
62,80,31,83,
100,67,52,78,
61,35,98,96,
44,62,21,93,
62,52,14,50,
12,19,79,89,
13,85,38,30,
10,42,39,57,
92,40,24,31,
85,20,82,97,
34,64,26,74,
25,86,36,26,
27,71,14,35,
62,88,63,34,
45,11,40,66,
23,81,27,54,
61,55,87,11,
58,74,57,74,
20,87,80,82,
29,20,36,86,
66,44,93,51,
53,16,83,13,
82,100,94,49,
16,59,71,73,
88,41,50,93,
31,30,48,81,
97,37,89,71,
63,66,81,76,
76,92,33,70,
86,13,16,74,
80,76,60,28,
36,100,68,12,
71,91,41,14,
44,50,75,79,
60,76,26,23,
61,69,24,98,
82,97,13,61,
55,49,40,83,
94,94,40,23,
81,39,24,37,
29,29,69,38,
30,73,99,89,
32,53,75,18,
74,90,30,80,
41,48,50,74,
31,51,54,44,
42,22,46,50,
72,44,55,30,
56,95,65,59,
93,62,55,41,
74,39,92,41,
80,66,14,32,
10,21,96,27,
27,57,86,78,
27,52,61,35,
92,42,67,15,
76,19,32,41,
31,59,46,52,
46,32,53,65,
52,19,74,89,
83,88,97,38,
24,73,54,32,
34,13,72,52,
81,19,23,43,
94,54,85,99,
59,41,36,64,
62,20,31,92,
35,71,94,77,
48,97,71,100,
54,100,61,24,
81,18,30,79,
32,52,10,50,
84,86,23,29,
95,84,40,33,
95,80,51,91,
62,52,88,94,
19,62,31,46,
45,29,10,18,
84,46,29,22,
95,31,49,30,
95,74,79,69,
96,25,99,13,
66,58,25,97,
28,89,12,69,
15,32,52,56,
69,59,45,36,
82,54,36,100,
75,10,39,57,
25,12,36,29,
37,56,76,30,
99,66,14,52,
45,27,54,93,
28,45,24,17,
28,88,41,87,
69,37,12,58,
83,62,62,19,
91,62,26,89,
35,94,15,79,
15,58,39,38,
76,70,52,46,
63,20,39,55,
75,81,27,75,
11,12,97,34,
42,16,58,83,
99,59,91,44,
52,98,31,86,
28,23,35,44,
91,80,68,24,
49,83,95,65,
60,20,56,48,
76,84,31,31,
38,41,57,77,
75,73,67,41,
57,14,58,52,
62,30,15,46,
82,24,74,28,
52,63,75,77,
99,60,72,18,
83,46,55,64,
47,56,11,51,
13,14,36,61,
94,87,72,37,
39,60,12,44,
73,85,68,87,
83,63,36,15,
17,62,95,86,
70,15,32,73,
90,63,94,47,
44,80,11,12,
88,21,35,21,
18,75,18,97,
51,57,98,39,
32,55,48,32,
51,44,54,37,
49,18,51,49,
57,63,39,62,
38,74,84,88,
85,95,74,63,
24,69,50,14,
30,32,66,98,
68,14,86,13,
20,53,57,78,
39,74,45,24,
43,98,50,71,
89,95,70,93,
10,25,21,84,
65,23,71,26,
75,48,14,98,
10,70,46,53,
33,70,88,41,
38,38,22,83,
99,34,17,76,
18,71,38,76,
83,38,19,64,
14,19,78,51,
38,15,86,29,
69,63,97,92,
65,60,74,25,
74,11,38,18,
71,36,56,38,
71,43,27,75,
66,79,90,71,
61,52,23,53,
93,15,100,33,
63,62,96,39,
49,72,18,23,
90,64,58,22,
62,14,50,98,
77,15,84,70,
100,66,30,81,
85,52,14,28,
71,77,81,50,
11,43,73,60,
56,28,17,34,
28,38,43,80,
20,25,70,86,
72,25,56,88,
60,12,22,47,
31,19,96,24,
41,22,57,95,
72,15,63,78,
43,47,79,34,
54,78,65,35,
99,24,34,14,
21,33,87,56,
23,44,43,53,
89,83,53,18,
10,43,55,76,
58,41,86,42,
55,53,28,53,
78,62,37,70,
52,30,91,89,
56,54,47,47,
76,20,74,76,
34,24,42,68,
86,95,93,99,
86,41,68,54,
61,76,15,25,
29,16,75,15,
58,63,84,63,
71,93,65,28,
22,66,23,50,
68,51,72,92,
48,55,96,12,
77,10,21,92,
94,100,33,95,
36,12,26,23,
45,40,15,64,
76,37,31,24,
31,95,70,56,
17,59,15,13,
36,92,21,11,
63,46,74,46,
17,58,18,93,
35,80,19,12,
88,27,30,75,
51,33,53,56,
60,57,81,21,
26,10,26,11,
81,34,21,31,
75,90,13,20,
77,30,68,59,
97,38,63,84,
54,81,30,20,
46,40,32,24,
20,19,61,97,
67,37,65,60,
78,47,33,84,
84,25,28,16,
31,51,37,32,
71,92,72,17,
30,92,97,52,
53,90,26,38,
51,56,69,65,
50,58,57,65,
76,67,23,53,
100,78,28,46,
71,84,83,20,
82,17,33,12,
64,45,67,81,
89,73,71,49,
49,26,88,43,
51,22,55,85,
17,79,91,21,
12,76,30,32,
12,19,33,65,
29,54,51,52,
21,48,95,89,
100,84,53,65,
89,24,78,28,
88,75,79,98,
80,70,46,31,
59,62,53,92,
93,96,88,70,
69,26,69,41,
26,98,44,65,
62,19,49,36,
80,44,88,73,
68,29,54,50,
49,81,16,33,
66,100,79,88,
74,44,88,92,
80,43,83,44,
79,98,70,33,
87,29,77,65,
19,82,23,70,
81,99,76,39,
50,56,88,73,
34,12,58,96,
100,30,18,41,
87,34,97,41,
57,78,38,54,
29,43,79,85,
26,29,39,93,
73,73,50,75,
76,85,97,63,
92,98,66,84,
87,17,70,62,
99,71,54,48,
16,66,51,15,
32,73,81,85,
23,14,70,59,
12,41,52,81,
78,25,52,42,
86,93,74,89,
36,63,44,42,
22,11,22,98,
52,22,50,63,
55,34,40,45,
21,81,49,10,
64,20,56,12,
21,91,61,99,
75,96,85,11,
100,36,98,73,
16,75,60,41,
90,81,39,82,
66,83,44,75,
81,26,49,75,
96,41,76,92,
88,45,23,73,
25,56,91,78,
11,90,56,70,
14,41,56,56,
24,70,13,24,
89,78,83,82,
27,88,23,21,
50,14,45,61,
77,50,13,56,
80,10,71,42,
38,54,40,39,
96,47,93,38,
91,55,71,93,
96,43,75,51,
68,78,13,29,
71,54,46,85,
81,56,63,74,
42,19,36,94,
50,74,16,34,
18,39,74,35,
58,73,90,11,
61,26,84,53,
71,11,61,97,
20,60,67,18,
70,62,91,28,
82,65,24,48,
13,79,35,41,
71,18,31,96,
28,87,11,89,
45,95,88,80,
39,14,70,72,
35,15,79,20,
47,73,29,28,
17,98,97,89,
85,18,98,51,
64,70,90,36,
28,81,38,15,
74,11,99,10,
85,88,41,87,
78,37,77,80,
67,60,49,39,
23,97,40,59,
42,84,87,63,
31,79,25,66,
48,93,20,87,
78,46,87,72,
64,14,22,58,
62,29,78,41,
40,14,98,17,
23,29,39,25,
49,69,66,15,
77,66,87,23,
81,84,98,99,
75,50,62,75,
27,81,42,85,
14,32,22,26,
66,67,86,58,
33,12,51,60,
69,34,93,36,
58,63,19,21,
91,100,81,25,
22,53,88,91,
47,23,50,25,
85,53,51,79,
99,44,11,93,
94,17,63,31,
76,96,74,84,
65,12,19,18,
81,98,48,13,
84,76,34,99,
71,84,60,91,
34,36,12,39,
61,31,77,71,
81,77,55,85,
71,31,47,62,
32,93,19,24,
72,22,71,39,
12,68,86,100,
48,86,52,63,
82,39,58,61,
48,27,90,53,
96,87,41,43,
87,86,55,66,
86,19,32,94,
19,100,85,47,
54,36,63,17,
85,12,13,93,
85,30,26,13,
37,45,69,30,
20,53,39,78,
25,70,66,76,
80,62,11,21,
63,58,97,54,
88,42,35,68,
79,22,36,39,
56,43,97,86,
97,42,10,94,
26,72,84,23,
37,19,30,53,
37,36,98,36,
75,61,14,44,
76,59,27,83,
92,40,66,36,
12,94,14,100,
44,91,25,89,
74,66,72,37,
33,57,14,42,
97,67,59,50,
65,25,17,57,
73,52,34,36,
37,18,39,28,
30,87,81,75,
80,95,92,34,
20,25,89,78,
91,72,28,11,
30,12,87,51,
45,44,25,71,
28,26,15,15,
87,38,94,93,
20,69,99,45,
67,13,78,22,
18,54,48,81,
22,45,72,30,
73,19,43,33,
67,77,67,67,
58,63,41,96,
75,10,86,39,
62,42,73,62,
21,94,85,20,
59,78,71,50,
51,28,57,75,
77,29,11,100,
34,35,31,79,
29,73,91,47,
53,33,67,13,
92,12,97,29,
97,66,43,50,
87,74,34,59,
57,70,16,52,
45,95,11,18,
12,72,86,39,
50,43,21,48,
83,54,50,55,
100,68,79,60,
29,70,34,50,
31,66,79,33,
23,35,91,71,
40,41,34,81,
94,25,34,100,
56,65,94,89,
38,19,65,100,
96,83,33,22,
21,98,82,24,
89,69,92,96,
65,49,16,61,
33,32,24,58,
80,60,33,73,
14,23,67,15,
65,28,20,66,
19,65,11,89,
50,95,83,48,
95,68,60,32,
51,93,11,65,
15,53,46,97,
88,92,97,71,
38,46,92,10,
34,27,12,30,
100,18,54,31,
53,42,71,78,
63,88,78,85,
49,87,72,39,
71,92,12,99,
98,96,47,16,
49,23,71,11,
22,11,98,71,
15,53,60,51,
10,70,84,92,
23,35,51,70,
83,90,44,56,
79,64,56,15,
22,54,65,24,
31,82,92,33,
58,17,91,51,
37,71,99,80,
94,59,96,50,
50,56,51,73,
20,86,11,90,
51,43,84,51,
100,61,70,58,
33,20,25,54,
67,66,26,36,
39,76,87,37,
27,55,21,28,
40,38,16,98,
18,61,31,98,
