74,30,11,79,
10,43,80,48,
86,32,45,34,
89,96,50,46,
14,49,46,24,
25,68,28,43,
25,32,12,76,
37,17,11,28,
10,33,94,72,
18,64,58,31,
49,30,99,39,
25,23,47,54,
75,47,90,41,
24,45,35,83,
12,57,43,72,
71,96,30,82,
66,89,28,69,
65,19,55,38,
79,88,73,26,
67,79,99,31,
95,86,68,74,
11,85,70,79,
31,43,87,60,
57,40,20,38,
91,30,55,57,
44,10,40,60,
40,14,18,19,
82,79,93,30,
86,20,20,99,
26,71,17,37,
70,76,45,39,
33,12,27,41,
33,78,36,36,
18,62,45,73,
97,11,71,94,
90,66,69,69,
64,21,16,19,
81,78,31,20,
79,80,83,24,
10,64,84,91,
89,25,28,82,
16,13,25,76,
17,79,17,96,
44,31,85,19,
60,69,72,53,
80,45,72,99,
66,89,30,12,
69,24,41,82,
88,18,21,75,
21,32,92,90,
19,23,18,81,
41,37,38,93,
72,35,65,38,
46,49,38,11,
40,74,37,26,
24,11,44,75,
67,77,78,31,
65,69,84,25,
92,24,98,51,
21,71,42,92,
39,13,84,74,
43,43,69,76,
57,98,71,78,
94,54,82,30,
69,56,18,20,
70,28,29,16,
98,58,66,46,
72,65,54,53,
73,72,95,61,
70,27,78,70,
70,12,92,97,
15,40,98,27,
78,73,32,86,
76,24,40,34,
97,51,96,10,
55,20,28,51,
82,86,42,27,
52,22,11,12,
20,93,34,81,
72,66,41,32,
78,48,53,29,
93,29,69,62,
79,55,77,22,
74,34,92,40,
44,48,65,14,
95,20,90,31,
46,69,39,48,
20,55,46,27,
77,25,100,74,
93,18,53,50,
97,83,21,59,
47,16,16,97,
15,62,66,78,
74,82,17,27,
63,71,82,75,
26,42,25,28,
39,89,23,26,
85,45,62,49,
29,46,29,90,
42,88,24,75,
58,87,98,10,
52,49,90,47,
78,77,84,24,
37,67,58,29,
37,11,16,22,
80,64,87,77,
93,61,72,63,
75,42,24,27,
71,82,57,55,
92,32,77,85,
35,32,50,75,
81,16,56,49,
100,39,26,34,
46,59,76,78,
54,23,88,66,
79,49,26,42,
77,59,58,46,
57,28,79,92,
81,60,98,65,
39,77,90,51,
71,77,73,27,
79,62,81,47,
85,36,19,63,
100,26,67,35,
93,24,68,94,
30,95,54,86,
30,17,48,39,
28,56,24,11,
58,27,52,42,
48,93,26,32,
18,94,18,22,
22,96,47,39,
65,82,12,98,
83,96,21,90,
40,90,34,60,
65,61,20,45,
39,56,26,24,
35,100,64,60,
43,79,90,33,
59,89,23,55,
75,77,89,87,
73,40,22,46,
70,27,22,15,
91,99,61,31,
48,46,19,40,
76,62,71,68,
23,36,91,59,
14,28,58,12,
34,68,37,51,
15,95,94,78,
78,24,48,45,
48,92,100,44,
79,96,23,91,
49,73,81,69,
72,78,89,98,
40,62,94,40,
51,10,17,41,
51,37,59,76,
48,92,11,82,
12,16,27,90,
43,15,58,42,
65,39,75,51,
47,65,33,47,
42,77,24,15,
46,16,39,11,
18,18,54,89,
54,89,10,76,
93,69,10,27,
87,46,79,73,
43,27,68,79,
24,43,94,12,
54,94,12,86,
42,56,63,19,
72,19,13,100,
60,81,18,64,
80,58,63,20,
43,100,46,60,
72,76,37,25,
20,47,48,32,
82,96,80,57,
24,26,94,47,
43,36,75,14,
65,58,36,98,
17,95,75,14,
59,20,16,57,
60,64,73,56,
71,43,72,91,
42,67,35,52,
100,31,27,89,
67,99,19,56,
42,20,84,87,
21,39,35,21,
26,23,49,99,
17,66,58,12,
53,20,71,96,
34,88,94,26,
95,25,27,39,
19,92,64,82,
33,78,88,19,
29,20,60,44,
98,22,26,46,
98,38,29,20,
18,74,13,89,
62,12,40,44,
29,55,100,41,
28,23,87,23,
56,53,83,26,
24,31,31,66,
92,80,98,11,
64,30,79,79,
52,49,63,14,
70,56,70,72,
71,42,73,78,
89,70,31,99,
18,37,68,61,
98,54,78,51,
98,92,89,38,
17,30,16,100,
74,69,51,80,
23,84,23,69,
97,28,99,15,
66,26,41,46,
60,47,71,77,
94,42,44,40,
52,60,87,88,
20,96,82,71,
35,48,67,11,
12,78,80,32,
71,97,38,65,
41,85,83,31,
58,92,14,43,
51,49,77,60,
12,86,57,69,
11,30,94,68,
40,34,65,66,
35,81,89,44,
27,21,37,79,
22,99,76,25,
51,21,49,94,
25,43,34,76,
65,57,12,37,
90,79,100,71,
55,81,84,73,
86,46,83,44,
34,93,13,92,
83,76,56,32,
96,68,25,72,
87,40,99,81,
74,20,82,100,
22,98,77,92,
65,82,81,39,
84,30,92,53,
14,94,83,61,
91,87,43,67,
16,41,12,42,
50,58,24,59,
44,49,87,43,
57,88,16,66,
62,72,93,17,
38,44,58,96,
68,37,12,71,
82,69,62,15,
27,82,68,95,
32,79,94,88,
84,27,57,26,
88,100,77,26,
32,52,52,51,
42,80,99,100,
77,71,51,62,
73,32,81,30,
48,53,15,68,
48,54,35,93,
62,87,16,36,
41,14,80,41,
78,68,82,84,
60,50,48,68,
40,78,61,16,
26,97,51,36,
66,54,83,49,
85,64,87,97,
27,76,56,53,
82,86,69,85,
61,26,15,39,
25,35,50,60,
88,93,86,68,
63,34,46,13,
35,81,74,54,
11,45,38,39,
22,79,83,51,
95,68,77,65,
16,31,86,61,
22,26,72,100,
82,77,19,26,
15,32,23,30,
46,37,43,19,
64,77,23,78,
35,36,60,62,
58,40,99,64,
57,71,46,82,
35,63,82,41,
57,97,46,33,
88,13,75,36,
38,30,91,93,
45,39,93,10,
33,34,32,24,
10,95,45,68,
26,30,86,13,
47,39,31,76,
71,97,40,17,
81,78,82,78,
43,23,90,46,
34,14,58,59,
79,74,71,61,
10,64,52,38,
36,100,55,47,
92,45,61,89,
31,95,59,51,
68,98,52,10,
73,87,16,57,
44,78,58,12,
40,45,85,29,
60,48,96,75,
12,86,43,13,
38,74,47,17,
18,39,95,32,
36,95,24,47,
99,38,73,67,
16,18,95,64,
17,27,26,67,
58,36,43,44,
19,70,68,16,
86,31,62,94,
47,46,18,43,
52,20,73,85,
35,91,36,98,
15,18,84,83,
29,62,75,43,
79,53,59,81,
21,82,90,15,
83,27,41,27,
72,62,23,89,
97,39,52,50,
83,90,75,43,
58,23,47,13,
39,26,39,48,
11,19,21,29,
26,42,98,48,
63,97,86,66,
69,26,76,35,
62,78,45,48,
33,10,44,27,
17,44,20,53,
84,45,48,42,
87,37,94,35,
81,77,55,56,
68,54,60,23,
75,96,57,67,
17,44,66,80,
43,36,21,10,
29,91,26,73,
73,48,40,95,
80,42,55,91,
39,33,48,61,
53,88,53,91,
57,74,47,84,
86,60,85,62,
94,11,80,95,
64,36,89,92,
38,15,51,70,
21,15,41,64,
53,39,41,31,
91,65,56,44,
59,69,59,89,
73,95,76,16,
60,59,65,58,
59,100,16,82,
32,54,21,23,
56,92,32,77,
82,18,44,48,
91,57,20,24,
73,94,53,71,
17,13,13,66,
61,42,28,73,
71,94,33,41,
86,19,47,99,
88,78,91,79,
85,47,80,73,
58,39,13,92,
79,60,50,94,
83,50,59,84,
40,75,75,10,
44,35,73,34,
59,72,10,50,
47,84,38,88,
69,69,51,52,
49,72,46,37,
58,33,28,16,
68,73,38,45,
74,71,66,26,
42,99,23,16,
23,10,23,71,
97,10,52,52,
36,96,60,24,
27,17,47,34,
20,10,50,68,
72,100,31,93,
18,46,86,77,
46,20,73,37,
20,93,87,72,
15,44,20,25,
66,78,59,31,
15,38,73,61,
71,48,11,20,
52,55,99,77,
61,99,51,48,
39,70,66,45,
33,36,17,40,
13,85,78,19,
10,65,38,99,
32,16,27,94,
76,63,65,17,
75,26,98,65,
40,22,42,96,
21,61,94,55,
99,25,91,26,
60,34,16,48,
56,92,22,54,
12,85,59,33,
46,63,84,64,
13,80,99,88,
18,86,23,91,
93,87,61,33,
87,87,70,58,
61,28,68,19,
77,98,17,23,
94,87,39,43,
23,39,19,30,
98,86,58,53,
61,16,99,59,
66,68,39,52,
57,55,73,80,
74,57,98,63,
87,41,41,94,
72,66,44,11,
35,21,49,39,
51,72,52,78,
81,56,70,76,
93,98,75,21,
42,67,32,48,
20,73,67,16,
30,37,23,79,
41,34,79,32,
67,91,86,39,
28,48,41,45,
34,23,27,50,
37,75,96,100,
78,12,30,81,
38,63,60,39,
77,61,82,20,
76,66,29,10,
94,81,38,57,
56,97,56,45,
33,41,99,47,
83,52,21,88,
32,52,23,17,
32,94,19,98,
68,82,33,98,
31,46,26,11,
37,80,94,11,
79,90,86,19,
46,96,61,69,
95,99,57,58,
98,24,76,79,
12,41,95,44,
83,13,67,15,
87,61,43,67,
56,99,83,35,
67,32,59,100,
15,45,41,99,
12,70,32,77,
83,38,42,82,
91,47,94,78,
28,86,79,18,
65,18,62,31,
100,15,75,51,
59,10,11,15,
25,92,96,83,
48,27,47,43,
42,26,64,82,
17,27,36,76,
21,76,43,80,
29,49,13,94,
96,31,86,36,
61,83,64,76,
38,28,73,56,
46,63,26,26,
24,12,17,97,
88,84,17,13,
98,29,42,70,
41,30,81,56,
72,91,92,67,
74,29,54,55,
44,53,53,77,
60,31,45,26,
14,90,77,19,
42,25,95,62,
90,72,13,65,
43,95,55,34,
87,45,67,25,
54,42,73,24,
75,20,73,47,
81,49,63,66,
87,87,72,35,
64,10,32,95,
99,59,39,12,
41,22,79,28,
21,35,49,71,
11,28,72,52,
85,12,55,43,
10,19,86,94,
96,13,27,27,
49,83,25,94,
62,14,44,10,
17,19,62,81,
81,59,89,35,
74,27,80,43,
98,24,92,83,
16,43,43,30,
25,48,89,63,
34,88,47,88,
56,33,57,55,
70,12,21,30,
59,79,76,66,
42,43,60,42,
37,92,42,55,
98,97,11,61,
94,89,43,18,
68,50,33,40,
100,80,10,28,
97,56,23,63,
69,77,59,36,
96,22,43,26,
77,73,18,28,
28,54,27,51,
95,18,61,61,
95,74,100,94,
22,47,13,67,
86,92,20,70,
38,65,68,74,
10,50,88,81,
81,75,35,43,
63,44,28,81,
74,24,44,68,
38,92,86,41,
72,17,74,28,
86,99,78,88,
39,63,44,11,
56,10,22,94,
65,21,37,91,
14,60,14,73,
58,96,76,86,
57,59,14,21,
15,40,41,12,
77,64,75,54,
39,48,27,34,
94,75,51,53,
52,92,52,12,
51,44,42,69,
78,85,41,14,
59,85,52,25,
90,89,88,30,
78,10,63,74,
90,60,17,83,
78,19,88,80,
25,96,82,54,
40,43,79,35,
42,65,15,35,
59,25,81,67,
16,58,91,23,
78,86,65,35,
41,15,86,92,
94,57,26,34,
40,93,27,25,
80,54,21,95,
47,35,36,23,
81,58,30,37,
11,38,83,62,
78,91,79,47,
97,52,14,78,
70,26,15,57,
47,25,76,75,
21,81,60,88,
77,54,100,64,
30,51,28,16,
42,15,91,85,
55,14,10,47,
66,42,50,25,
27,55,15,11,
25,93,46,64,
99,73,25,15,
54,14,31,86,
43,30,70,45,
67,17,13,70,
28,13,37,30,
100,39,48,55,
95,98,61,46,
92,16,81,34,
41,61,48,67,
13,62,77,10,
52,33,19,68,
83,79,64,33,
59,89,40,12,
43,52,90,55,
78,22,25,20,
17,27,35,53,
16,20,76,60,
78,67,65,29,
69,100,53,87,
41,88,11,86,
38,17,19,33,
35,61,35,53,
50,65,65,84,
50,18,29,26,
77,68,32,48,
95,29,25,49,
68,82,79,61,
84,19,29,76,
11,89,72,26,
29,19,16,43,
73,51,70,12,
27,74,36,46,
30,66,17,26,
82,25,92,38,
80,57,61,51,
23,31,31,19,
54,20,46,93,
30,12,16,38,
45,18,98,34,
54,31,31,62,
57,49,56,40,
70,59,41,21,
100,88,52,35,
52,87,94,85,
91,93,82,84,
87,11,84,90,
54,21,58,50,
16,45,41,14,
46,31,99,86,
60,30,47,84,
26,77,80,19,
77,82,38,26,
50,78,36,19,
28,96,56,28,
53,13,69,55,
42,90,100,42,
16,51,53,42,
29,28,10,70,
44,36,31,19,
92,67,88,87,
39,27,13,74,
72,70,98,20,
30,70,67,45,
39,34,57,34,
78,60,90,23,
13,28,40,70,
36,15,67,22,
71,39,67,97,
84,75,96,81,
31,32,44,96,
90,10,38,73,
24,54,17,78,
68,83,58,75,
38,64,14,55,
59,61,25,97,
80,88,39,19,
90,35,97,59,
58,87,74,22,
45,21,18,75,
14,28,86,86,
18,29,88,66,
45,95,52,59,
89,72,63,56,
54,56,89,60,
48,63,23,31,
11,38,86,27,
83,66,69,48,
68,37,26,37,
15,53,70,38,
77,87,72,82,
13,22,28,11,
23,14,71,92,
28,42,31,86,
21,14,25,32,
55,16,87,24,
89,19,90,21,
43,18,31,75,
23,51,93,68,
14,48,35,53,
82,18,45,76,
31,76,80,84,
20,82,52,58,
53,35,64,94,
57,44,31,31,
60,24,11,33,
15,58,17,73,
99,74,68,27,
21,21,25,39,
24,47,74,76,
73,55,88,61,
62,25,15,25,
50,66,32,42,
86,66,68,48,
72,10,12,46,
95,52,26,21,
61,45,79,40,
56,62,54,54,
31,31,27,54,
58,70,99,75,
20,49,13,61,
58,28,55,96,
44,92,34,24,
21,55,31,66,
75,68,50,44,
23,35,14,84,
34,39,45,24,
18,94,11,86,
86,27,74,92,
95,69,83,62,
98,46,71,26,
31,92,85,86,
95,56,83,70,
98,44,57,21,
86,91,21,48,
52,75,87,43,
22,20,38,19,
94,21,96,79,
30,90,71,48,
51,18,63,86,
79,99,57,76,
32,88,38,91,
67,95,82,52,
85,47,14,93,
27,32,16,73,
15,96,72,100,
21,17,48,74,
75,70,32,98,
43,16,56,78,
79,35,65,16,
90,34,60,63,
37,96,82,64,
98,73,76,73,
22,33,70,87,
60,100,58,20,
62,60,59,85,
99,87,87,53,
72,79,46,86,
73,93,85,32,
35,33,61,98,
44,43,47,91,
16,65,62,64,
86,37,61,63,
13,42,17,70,
97,33,10,64,
97,35,82,55,
21,18,89,81,
58,43,73,38,
59,19,19,41,
49,16,95,98,
24,84,48,76,
22,60,21,96,
99,85,62,74,
50,44,80,87,
32,70,64,74,
22,71,33,20,
60,30,79,63,
97,97,44,63,
81,49,96,57,
25,13,31,14,
14,58,85,37,
46,31,61,12,
29,14,11,80,
34,64,24,66,
62,24,64,11,
72,48,100,28,
95,43,48,82,
79,90,61,11,
87,28,25,48,
90,42,87,20,
87,25,29,11,
73,68,30,60,
24,64,98,49,
21,91,40,14,
40,76,85,68,
18,28,31,49,
30,93,51,73,
79,14,53,67,
19,34,12,32,
45,42,94,70,
18,11,82,23,
12,36,48,21,
70,90,92,86,
90,34,21,100,
77,21,11,87,
26,94,44,75,
41,80,65,27,
37,56,17,61,
69,30,47,28,
97,19,39,29,
91,34,49,84,
90,67,78,26,
22,98,40,28,
40,89,30,48,
31,75,77,86,
12,80,60,26,
97,36,96,75,
21,60,33,56,
10,45,37,75,
24,71,19,49,
14,58,88,88,
37,57,80,31,
35,26,92,64,
40,66,32,21,
35,37,29,98,
32,83,31,26,
32,99,93,78,
99,81,34,59,
49,28,67,83,
34,89,89,39,
19,89,20,65,
93,96,12,43,
89,86,55,34,
48,100,67,66,
25,72,99,89,
86,62,90,12,
23,60,18,45,
61,75,57,42,
34,73,86,47,
12,29,91,60,
60,30,77,39,
54,26,89,62,
63,75,26,77,
50,37,38,62,
64,43,42,40,
71,18,56,43,
80,12,69,21,
55,62,55,78,
90,18,64,59,
60,37,49,22,
24,80,24,19,
73,24,22,49,
87,43,60,14,
69,76,91,98,
73,68,100,69,
23,90,17,52,
34,47,85,12,
85,90,38,87,
43,42,89,53,
93,38,88,13,
45,25,42,74,
33,23,19,17,
81,98,44,18,
17,32,37,43,
22,65,26,93,
43,90,95,88,
22,37,63,33,
100,86,81,73,
31,35,61,34,
79,68,30,52,
25,39,77,53,
67,70,56,55,
44,47,73,45,
40,49,63,70,
38,30,76,76,
49,86,10,23,
73,57,83,32,
69,10,76,50,
50,78,79,44,
14,59,18,12,
62,91,57,66,
90,25,35,18,
15,28,27,16,
45,33,42,23,
57,83,100,99,
66,92,86,87,
58,68,57,19,
49,14,75,68,
86,59,10,54,
68,23,20,58,
13,45,42,61,
81,66,76,100,
67,28,87,48,
97,68,51,88,
75,71,92,89,
84,30,87,56,
89,29,38,36,
83,36,95,22,
99,96,87,41,
68,57,64,74,
82,75,61,96,
62,45,32,92,
54,14,92,84,
87,34,55,75,
75,21,31,44,
36,52,86,40,
95,87,25,78,
100,63,60,77,
80,35,100,50,
94,46,81,84,
78,93,47,24,
65,46,26,50,
75,72,15,61,
45,39,21,75,
18,47,92,13,
19,90,75,62,
63,35,83,69,
18,75,97,83,
99,59,76,69,
85,66,87,73,
47,33,52,30,
92,42,36,64,
20,71,84,73,
56,77,99,50,
89,12,62,34,
90,81,21,49,
84,44,24,57,
93,100,42,34,
55,81,57,40,
25,37,12,31,
33,98,75,40,
68,73,67,87,
52,66,21,99,
37,80,32,28,
65,90,85,48,
71,25,80,37,
88,28,38,70,
86,62,83,81,
12,37,45,49,
48,75,22,17,
27,38,27,62,
95,18,62,37,
18,66,12,33,
38,48,26,48,
63,18,32,25,
53,31,15,70,
26,50,69,94,
96,90,78,46,
80,32,11,47,
28,94,99,80,
56,84,33,14,
48,14,28,26,
85,26,24,89,
53,51,54,50,
47,20,91,85,
95,66,21,94,
16,27,41,37,
12,29,46,82,
66,11,16,50,
75,51,90,61,
24,72,29,72,
66,85,36,13,
59,63,20,46,
62,31,90,47,
56,56,79,44,
58,39,68,33,
16,12,57,22,
32,51,92,73,
90,10,55,90,
78,49,41,87,
61,34,22,27,
50,70,46,52,
17,51,92,38,
84,41,82,14,
15,34,41,58,
34,17,13,19,
37,26,56,76,
55,60,16,94,
89,42,100,79,
15,44,69,95,
47,52,31,58,
51,75,67,55,
92,82,12,82,
33,98,41,36,
44,51,51,26,
68,37,85,67,
29,80,61,92,
61,75,47,47,
10,97,31,65,
55,43,82,39,
45,37,52,25,
89,86,23,91,
38,70,95,91,
55,85,64,81,
70,82,17,91,
81,19,66,80,
56,62,96,70,
41,53,29,86,
51,21,40,59,
59,61,81,42,
59,94,69,17,
11,84,87,16,
