75,32,20,54,
81,94,42,83,
94,19,25,41,
86,98,28,95,
88,60,51,56,
39,17,32,62,
89,32,20,30,
71,36,47,69,
70,21,65,40,
63,56,35,84,
73,65,64,100,
72,55,34,85,
12,87,22,27,
27,86,94,46,
27,32,36,100,
91,13,15,79,
33,75,86,54,
70,90,38,74,
17,23,61,83,
52,20,88,94,
23,35,58,46,
23,80,46,12,
96,95,61,58,
59,43,13,84,
18,90,94,47,
19,100,26,12,
38,85,71,33,
32,55,37,53,
62,85,33,65,
67,13,57,92,
77,16,15,71,
86,70,54,85,
49,72,27,57,
95,66,53,57,
11,72,74,100,
30,71,44,52,
97,96,38,53,
26,42,28,67,
64,36,47,35,
33,29,81,44,
98,38,35,40,
92,99,67,42,
80,52,37,88,
70,43,34,57,
32,41,99,100,
11,84,19,79,
78,70,27,40,
15,44,70,99,
81,48,65,75,
16,41,78,64,
50,82,31,82,
26,97,10,89,
23,68,67,81,
70,72,73,33,
81,58,31,54,
28,58,48,20,
92,94,16,99,
79,71,34,22,
70,69,68,51,
99,80,87,87,
18,41,49,52,
84,89,65,79,
72,56,39,61,
29,52,25,34,
63,53,36,57,
65,79,85,23,
41,48,41,59,
94,86,81,97,
89,98,23,62,
77,49,47,49,
55,87,62,88,
22,40,48,84,
57,59,59,71,
83,44,39,98,
92,11,83,86,
90,31,52,98,
41,25,87,39,
44,87,44,96,
27,53,80,16,
57,83,98,92,
15,40,80,90,
68,43,97,25,
75,27,90,44,
17,22,72,68,
17,20,12,96,
10,77,68,72,
57,10,82,13,
29,18,96,97,
18,54,24,59,
35,35,65,68,
64,62,30,76,
91,23,57,95,
40,66,98,35,
55,10,15,54,
97,27,42,74,
65,58,15,73,
60,59,52,10,
80,55,98,38,
92,19,33,87,
38,82,44,10,
84,80,39,42,
49,75,100,72,
82,51,87,24,
14,17,58,96,
93,91,63,50,
76,50,38,17,
13,35,54,58,
100,35,14,12,
47,61,87,44,
88,97,24,31,
52,10,56,72,
33,27,73,36,
91,90,69,68,
60,94,31,71,
88,62,40,45,
89,17,21,52,
32,81,35,17,
35,19,45,25,
82,75,56,65,
82,15,50,23,
97,49,46,35,
65,71,83,27,
93,96,11,71,
48,43,79,70,
28,31,38,25,
73,69,97,70,
44,80,59,30,
86,69,46,21,
76,35,19,13,
27,26,35,72,
26,43,77,46,
79,48,82,45,
10,25,31,16,
73,19,89,13,
72,52,14,46,
95,60,59,92,
28,89,39,97,
98,85,84,79,
26,64,26,29,
60,61,18,25,
77,26,92,11,
29,82,56,93,
28,42,35,69,
28,36,94,61,
98,21,87,53,
13,95,93,90,
22,25,15,23,
74,31,27,86,
24,99,10,62,
31,70,73,24,
44,46,34,50,
83,51,27,100,
39,53,41,28,
82,28,100,48,
78,80,29,50,
46,33,61,18,
57,37,80,49,
11,64,45,96,
31,25,17,39,
39,63,21,15,
59,34,23,81,
23,23,86,62,
10,49,85,93,
73,74,19,82,
14,43,98,50,
86,37,99,83,
10,79,71,93,
15,64,28,12,
24,85,77,74,
27,82,89,47,
58,29,56,80,
99,16,18,86,
95,86,35,35,
10,76,30,95,
29,60,48,83,
37,20,95,30,
98,38,24,52,
14,20,72,81,
84,100,17,41,
87,15,17,96,
13,31,48,18,
75,24,81,58,
17,20,82,88,
66,79,77,48,
73,98,31,84,
76,63,100,14,
75,43,37,61,
43,21,60,42,
30,17,17,86,
12,77,24,99,
66,28,55,78,
13,67,88,90,
20,62,68,63,
28,65,86,60,
67,47,15,61,
38,50,80,29,
54,30,53,84,
66,97,99,80,
74,97,51,42,
94,55,92,44,
86,59,25,95,
79,55,20,17,
30,76,18,73,
49,62,91,53,
21,22,72,66,
73,47,41,65,
28,98,15,13,
51,23,73,80,
100,39,91,26,
78,94,37,74,
19,31,90,89,
60,25,37,88,
25,49,72,90,
77,95,27,88,
81,64,18,18,
30,83,69,66,
60,58,86,19,
93,76,30,85,
62,85,43,49,
99,93,25,93,
100,20,14,58,
68,96,77,25,
26,54,45,25,
25,52,68,22,
38,53,51,71,
71,76,43,47,
44,51,22,83,
75,99,99,65,
89,68,71,28,
79,43,23,42,
36,47,14,27,
92,16,11,18,
77,27,52,63,
83,49,25,15,
32,34,76,24,
64,45,74,31,
89,10,97,61,
54,84,82,82,
30,47,40,57,
13,66,60,96,
20,49,66,33,
22,79,96,90,
81,47,68,46,
88,24,91,61,
56,80,51,49,
75,26,92,49,
42,90,24,14,
60,49,57,27,
71,46,75,17,
86,37,14,75,
53,15,68,76,
45,91,45,91,
77,94,68,56,
28,14,23,78,
46,79,84,49,
44,42,20,56,
71,98,90,75,
88,25,94,70,
45,29,10,92,
91,67,96,30,
22,68,17,81,
99,97,54,56,
20,35,19,94,
10,95,71,85,
35,66,31,56,
38,26,43,32,
68,100,84,96,
69,11,96,42,
99,85,62,11,
64,52,31,36,
25,72,10,71,
97,80,96,19,
32,17,14,21,
81,32,13,19,
88,47,51,13,
87,30,21,50,
55,71,56,30,
42,39,26,63,
31,34,78,77,
87,64,41,78,
32,45,94,21,
88,30,10,94,
48,44,97,98,
40,44,12,32,
57,18,27,24,
22,53,98,72,
46,38,11,15,
73,34,71,52,
21,51,89,17,
83,65,87,18,
64,61,29,50,
95,18,79,93,
14,22,34,73,
99,86,55,71,
33,35,89,58,
60,62,88,81,
42,90,84,21,
85,15,26,85,
82,94,50,12,
69,44,85,94,
84,48,30,28,
29,88,43,66,
49,33,66,56,
94,35,24,49,
61,72,61,86,
71,86,88,46,
39,68,57,86,
95,55,16,48,
72,14,33,16,
19,90,63,18,
69,18,87,57,
97,79,24,52,
55,10,66,42,
83,13,100,36,
75,59,84,36,
90,25,54,76,
66,28,65,64,
24,23,69,35,
55,100,63,48,
11,83,83,23,
36,36,96,34,
46,65,37,82,
34,36,17,11,
82,53,65,49,
52,60,30,45,
82,19,61,79,
39,77,67,89,
69,61,49,95,
33,38,83,76,
14,73,47,97,
66,41,90,30,
44,38,72,11,
45,40,77,29,
10,73,81,74,
93,56,57,69,
27,12,72,70,
47,64,65,93,
17,99,37,35,
17,55,95,66,
73,48,67,37,
63,23,87,68,
54,19,21,51,
22,70,50,47,
31,70,27,77,
59,40,36,45,
27,28,33,46,
89,72,69,47,
40,95,43,59,
33,72,32,65,
66,15,97,70,
98,16,74,92,
27,93,85,73,
61,50,16,70,
51,34,87,25,
95,95,40,68,
71,48,18,84,
67,27,80,68,
76,38,74,70,
28,70,44,29,
71,52,27,56,
47,35,69,98,
38,74,48,97,
89,72,77,17,
17,99,52,99,
23,52,63,95,
58,16,63,87,
21,12,72,95,
90,67,77,12,
91,12,67,68,
89,59,37,35,
92,93,19,35,
25,39,61,20,
93,60,72,63,
70,97,53,58,
32,45,71,48,
39,63,50,10,
17,46,84,92,
75,12,93,90,
82,78,25,92,
20,74,42,96,
70,88,95,41,
60,86,13,46,
49,82,20,27,
57,47,83,23,
67,53,22,21,
26,13,89,59,
19,45,30,88,
43,67,26,92,
63,48,83,10,
100,42,97,53,
52,87,96,80,
50,73,49,39,
91,34,72,15,
30,57,76,27,
33,83,38,70,
98,87,17,52,
87,55,24,95,
81,14,67,32,
56,80,52,83,
62,82,60,40,
67,32,24,18,
64,45,18,73,
55,18,18,21,
69,88,16,93,
85,76,21,54,
44,20,100,72,
15,63,51,73,
40,62,20,66,
12,39,14,69,
25,73,92,75,
98,58,31,63,
98,97,89,95,
94,49,39,89,
21,94,94,91,
38,83,35,90,
63,56,34,49,
31,91,40,14,
44,39,72,57,
87,82,65,57,
93,93,12,51,
26,66,78,62,
97,72,25,91,
27,26,86,75,
79,73,39,30,
18,100,19,35,
54,82,31,99,
13,36,43,17,
55,98,52,16,
49,90,99,95,
19,65,79,49,
39,54,85,41,
18,29,90,66,
22,40,71,46,
47,49,58,49,
58,37,100,72,
27,80,74,76,
66,70,42,60,
23,10,64,69,
63,69,75,56,
71,57,54,88,
67,100,32,30,
74,69,93,57,
89,65,89,26,
11,99,70,93,
24,23,61,79,
36,82,23,21,
81,47,52,90,
22,83,13,53,
55,56,62,55,
13,21,33,64,
52,27,83,28,
42,50,83,94,
61,60,17,83,
13,98,22,10,
87,61,40,70,
59,17,20,84,
64,69,93,59,
91,62,21,37,
65,43,88,69,
55,92,30,92,
14,12,93,40,
43,70,51,50,
39,82,68,21,
68,39,43,71,
31,89,23,15,
87,29,20,27,
34,51,49,39,
19,86,86,33,
18,26,69,69,
81,52,28,21,
73,22,10,87,
60,63,18,99,
70,51,30,85,
14,15,10,96,
48,96,83,57,
91,34,82,71,
54,62,29,30,
17,88,22,98,
85,30,55,98,
33,36,89,80,
27,88,87,46,
53,39,16,66,
54,25,43,92,
87,45,86,82,
44,10,31,67,
68,63,25,51,
87,25,42,72,
84,16,58,36,
28,43,52,96,
65,94,18,73,
72,58,23,44,
23,58,36,84,
48,63,35,41,
57,41,19,51,
72,20,66,98,
32,49,75,65,
71,91,85,32,
36,62,92,93,
77,55,97,86,
78,100,85,36,
