78,36,77,74,
43,58,49,33,
41,70,84,82,
18,35,73,38,
13,73,13,66,
52,73,34,70,
64,81,19,81,
81,74,70,31,
20,81,55,72,
25,53,90,55,
17,45,88,53,
41,39,78,16,
58,71,59,63,
27,15,36,28,
75,21,97,46,
93,77,21,20,
87,70,25,31,
87,35,49,89,
73,48,20,36,
46,39,96,26,
29,74,12,34,
10,12,72,43,
44,38,43,56,
74,33,92,67,
29,18,41,88,
24,37,36,15,
84,33,72,99,
66,90,43,14,
73,86,68,84,
61,28,10,78,
89,10,64,66,
62,36,35,12,
54,49,61,12,
94,82,75,34,
61,20,46,41,
64,59,46,81,
19,90,51,38,
35,88,80,97,
72,78,41,41,
49,97,40,38,
64,94,90,70,
57,96,29,54,
84,24,52,70,
91,33,28,68,
83,98,14,38,
83,64,67,77,
82,72,22,42,
38,15,46,17,
82,66,51,46,
75,33,56,27,
78,14,56,66,
71,58,22,14,
35,77,13,80,
71,30,21,23,
11,59,57,45,
34,49,41,80,
49,26,43,98,
49,33,47,98,
34,93,80,60,
36,86,72,40,
42,62,18,87,
67,77,34,87,
77,57,89,51,
39,42,46,92,
65,51,95,34,
92,63,60,93,
39,77,98,45,
52,88,91,92,
67,35,92,56,
29,36,34,39,
95,76,44,74,
38,89,65,35,
84,16,88,30,
57,28,98,74,
80,20,97,84,
75,23,78,84,
19,47,53,63,
64,12,25,45,
84,74,47,12,
48,11,87,31,
90,95,89,25,
32,42,18,40,
82,34,55,82,
32,22,16,60,
70,100,51,14,
26,65,26,79,
25,44,91,64,
20,57,36,45,
12,85,85,39,
92,14,55,94,
68,68,68,78,
80,27,88,39,
81,36,77,57,
93,98,77,50,
50,98,24,94,
39,25,20,92,
52,71,64,69,
79,93,20,45,
84,56,22,36,
55,12,61,95,
71,20,82,87,
48,20,77,38,
44,61,39,60,
97,28,16,44,
21,39,27,23,
61,49,49,32,
84,28,59,72,
94,56,59,20,
84,58,37,23,
54,36,82,20,
88,20,23,19,
37,50,67,73,
85,23,76,20,
23,44,96,64,
63,72,20,86,
12,63,92,56,
93,25,84,95,
76,71,84,78,
82,44,15,76,
19,15,34,15,
62,54,90,47,
45,87,24,35,
87,19,59,58,
42,84,98,26,
33,27,28,82,
38,19,10,79,
54,16,82,18,
48,41,45,15,
92,81,25,85,
48,53,96,70,
75,44,19,76,
95,86,31,68,
58,76,21,44,
22,79,26,75,
58,50,22,70,
79,90,41,18,
33,41,12,80,
26,55,60,87,
45,99,72,43,
91,84,48,84,
39,50,74,32,
58,40,98,15,
70,82,25,64,
20,45,16,97,
61,81,11,21,
47,53,26,26,
95,17,54,63,
11,27,22,21,
90,73,90,91,
26,46,55,53,
17,39,44,94,
40,100,99,30,
90,85,71,28,
35,51,72,64,
95,25,17,43,
95,41,17,71,
93,52,46,32,
11,57,59,80,
56,10,55,37,
45,47,100,47,
13,40,88,43,
20,55,93,80,
41,87,96,53,
66,17,38,30,
89,62,62,15,
42,27,98,28,
97,76,92,88,
76,52,33,41,
85,16,71,53,
25,30,29,20,
74,67,17,73,
69,48,27,18,
56,90,69,63,
93,21,33,15,
94,65,38,98,
81,20,92,70,
20,77,22,90,
86,28,63,63,
92,22,64,83,
67,57,33,77,
90,70,74,28,
49,93,95,24,
36,78,25,50,
30,58,49,30,
97,24,84,23,
90,100,86,65,
95,36,60,11,
89,63,11,91,
98,30,32,68,
60,68,79,19,
95,63,88,39,
38,93,12,38,
30,55,15,15,
47,51,65,78,
85,37,53,95,
80,58,100,39,
61,31,68,44,
93,65,42,74,
50,33,60,36,
39,23,62,81,
55,79,60,13,
28,95,88,57,
33,33,34,73,
20,63,94,62,
32,35,27,86,
31,32,10,38,
58,12,99,43,
80,55,31,33,
49,91,83,68,
85,99,61,17,
72,22,31,84,
27,21,94,74,
13,22,22,52,
19,44,91,89,
33,11,67,30,
20,11,68,98,
43,41,32,27,
28,30,84,12,
85,75,97,79,
85,15,42,38,
93,19,18,40,
18,20,90,79,
23,19,79,58,
32,48,89,75,
48,96,56,64,
47,35,26,71,
49,51,96,59,
76,58,99,23,
15,55,51,30,
59,35,76,26,
78,64,39,93,
23,71,34,10,
82,50,83,93,
18,44,95,19,
61,84,20,85,
82,46,30,77,
16,18,26,30,
26,91,41,18,
54,46,17,91,
19,39,35,61,
55,72,73,60,
82,46,56,93,
91,28,57,12,
40,90,12,66,
78,71,46,98,
97,97,28,22,
70,52,59,98,
97,42,74,73,
52,100,42,91,
66,35,27,12,
99,68,60,12,
17,19,33,97,
76,65,68,13,
21,13,94,96,
24,38,79,55,
58,37,34,22,
97,52,21,50,
53,18,100,78,
97,88,16,87,
34,87,20,89,
54,97,22,29,
14,11,75,50,
68,43,100,19,
24,18,20,24,
40,14,44,84,
28,51,98,38,
15,25,87,73,
98,19,87,48,
28,26,88,63,
16,27,39,31,
13,41,17,24,
31,58,17,100,
53,70,75,91,
45,29,87,77,
49,16,47,32,
12,56,20,66,
34,40,69,82,
88,90,64,64,
31,63,54,53,
32,23,29,43,
44,52,14,72,
100,35,88,43,
78,55,61,29,
34,68,67,76,
69,42,50,59,
34,67,61,80,
55,97,51,13,
17,56,12,85,
58,77,74,37,
30,14,47,48,
100,90,74,38,
76,82,57,57,
85,58,43,84,
76,62,34,36,
39,90,66,27,
71,49,33,93,
16,71,63,27,
24,41,58,63,
43,53,55,27,
73,20,45,11,
18,87,90,26,
70,78,19,44,
96,37,73,77,
31,47,44,19,
75,88,74,90,
42,56,29,83,
97,91,15,17,
38,18,94,25,
86,42,16,13,
77,74,55,99,
31,40,85,44,
48,21,86,35,
19,44,12,86,
84,80,60,28,
46,82,28,98,
97,36,28,16,
43,24,74,31,
92,52,54,36,
63,21,84,93,
35,71,62,82,
56,80,39,92,
44,64,57,71,
10,65,73,41,
92,73,83,42,
46,58,58,87,
44,41,12,45,
57,50,41,53,
23,26,48,94,
20,49,11,29,
89,91,57,82,
64,98,78,43,
34,31,38,78,
23,44,90,33,
97,18,48,16,
88,86,79,14,
54,94,54,59,
89,56,23,10,
97,79,21,38,
50,100,54,13,
27,89,28,24,
31,88,81,78,
21,10,26,69,
21,59,87,77,
38,76,34,22,
83,94,93,66,
52,89,73,29,
86,13,52,71,
74,65,80,21,
59,22,81,54,
64,18,91,22,
48,79,90,29,
84,78,83,12,
28,81,15,97,
34,96,34,95,
99,18,54,15,
19,80,45,23,
30,79,58,81,
49,67,12,94,
63,87,85,48,
19,61,40,41,
60,69,14,11,
11,30,54,19,
99,92,56,57,
44,32,56,55,
93,52,71,25,
27,63,34,29,
19,94,44,99,
48,16,49,60,
48,71,73,75,
81,17,74,11,
46,13,20,39,
97,54,31,61,
99,10,34,100,
72,42,62,46,
99,74,91,53,
98,27,74,49,
96,18,13,29,
94,68,60,28,
85,69,38,21,
91,82,79,87,
98,41,55,40,
95,82,90,33,
44,46,52,45,
58,97,20,63,
15,26,17,13,
62,68,62,93,
27,98,51,62,
24,66,57,71,
36,28,64,20,
39,64,94,42,
57,10,44,88,
71,11,37,93,
57,28,47,72,
10,10,64,57,
87,44,24,32,
95,13,54,24,
96,67,16,28,
30,72,94,56,
96,61,72,53,
79,12,93,11,
46,72,60,39,
86,53,68,15,
92,91,98,28,
47,96,61,100,
34,49,46,68,
80,48,81,78,
17,77,80,42,
36,82,29,31,
19,82,40,36,
49,92,41,71,
31,19,78,62,
44,42,86,33,
39,19,79,20,
92,17,13,83,
57,38,95,98,
79,71,82,46,
94,66,39,47,
63,24,84,29,
49,61,35,37,
71,79,63,50,
68,39,42,62,
38,83,56,42,
10,74,26,50,
65,46,62,81,
45,35,32,80,
58,68,51,10,
15,43,58,13,
72,35,76,83,
72,48,10,22,
96,39,81,46,
74,28,55,62,
53,36,60,63,
55,16,37,70,
19,21,82,88,
95,47,23,99,
50,15,98,10,
73,96,61,35,
35,70,89,100,
26,40,66,88,
63,15,55,86,
66,82,78,89,
50,58,58,22,
89,92,39,28,
20,37,13,75,
91,96,58,19,
33,95,27,35,
26,59,69,26,
91,10,99,22,
52,92,66,12,
74,10,80,13,
39,35,64,60,
86,70,11,44,
26,26,31,38,
87,81,67,79,
72,27,70,22,
53,20,14,68,
30,74,91,88,
97,49,42,68,
47,36,18,34,
90,72,59,100,
10,18,51,21,
18,16,82,15,
50,90,63,25,
18,65,15,35,
77,93,100,27,
84,23,36,76,
73,30,28,35,
14,89,47,37,
68,93,54,75,
84,36,61,73,
19,35,11,86,
39,15,26,14,
19,60,100,70,
50,67,73,22,
29,42,11,28,
16,11,67,50,
61,94,42,57,
17,30,24,44,
60,35,70,19,
65,45,69,78,
84,39,29,15,
29,87,93,68,
14,19,76,49,
41,56,62,25,
48,18,12,93,
44,56,73,41,
56,23,32,33,
91,69,74,27,
85,30,15,34,
75,66,23,89,
60,56,33,27,
100,36,100,31,
20,90,96,21,
21,60,22,78,
81,62,76,15,
15,75,93,54,
11,58,53,58,
32,48,83,74,
32,12,66,10,
48,23,63,34,
