79,37,31,17,
86,64,31,91,
18,52,59,20,
77,12,19,85,
32,26,75,84,
41,24,92,78,
94,49,81,19,
71,71,50,94,
83,77,77,90,
30,89,10,31,
13,58,60,72,
38,49,94,32,
14,52,87,24,
96,60,39,93,
44,57,41,82,
63,31,17,99,
38,82,66,63,
79,99,88,17,
49,12,54,61,
43,84,59,80,
58,76,48,40,
42,34,46,85,
51,18,72,18,
85,20,23,84,
25,62,20,85,
24,91,63,13,
15,72,70,32,
44,83,22,12,
98,81,25,40,
79,75,95,80,
51,69,36,38,
26,31,69,10,
34,78,64,58,
44,90,65,90,
64,21,95,23,
23,45,86,72,
30,67,61,49,
55,56,16,31,
68,100,85,92,
70,18,97,26,
49,97,76,13,
58,95,92,67,
16,32,40,95,
21,87,11,42,
69,37,98,57,
98,45,50,26,
75,79,38,19,
33,79,58,50,
67,27,24,42,
55,73,19,53,
47,80,73,31,
93,53,51,99,
97,17,76,55,
16,97,51,91,
98,22,53,60,
44,78,46,98,
84,81,11,11,
59,68,50,45,
13,39,46,66,
86,79,94,15,
45,73,48,53,
84,88,69,28,
21,80,41,58,
41,22,57,73,
48,98,26,78,
70,32,55,30,
28,85,54,48,
91,93,30,82,
91,43,42,54,
46,77,44,66,
29,58,75,74,
44,86,29,26,
89,97,47,10,
23,97,89,80,
59,55,30,27,
87,63,37,40,
28,50,45,13,
37,95,64,78,
10,88,65,97,
85,86,62,69,
25,20,57,60,
59,21,21,98,
40,95,37,72,
30,87,38,51,
99,43,58,66,
20,57,82,74,
90,40,54,16,
95,76,19,49,
35,88,31,55,
73,69,64,88,
35,30,90,56,
72,70,25,62,
24,73,86,100,
83,38,91,49,
25,60,10,35,
94,56,94,14,
48,12,21,21,
11,94,71,42,
75,87,67,98,
41,58,30,22,
47,48,54,41,
91,71,55,100,
81,92,16,64,
66,79,17,99,
74,32,45,52,
98,24,97,73,
83,77,61,14,
31,64,72,91,
55,82,23,34,
58,19,52,100,
38,73,65,36,
70,86,29,17,
87,90,69,76,
14,90,55,74,
43,47,78,58,
37,76,67,83,
73,41,72,27,
81,63,45,76,
54,57,80,14,
94,79,91,62,
48,26,10,68,
37,48,72,39,
37,55,77,37,
55,36,21,63,
26,58,22,21,
43,65,55,75,
93,45,64,15,
73,80,71,58,
42,21,16,92,
53,40,53,96,
76,21,37,42,
49,76,78,57,
74,40,58,83,
59,57,77,88,
24,30,88,58,
21,24,54,21,
77,14,79,30,
97,80,46,80,
84,46,93,67,
77,56,63,95,
69,38,76,68,
96,55,54,92,
21,21,34,10,
77,57,59,48,
37,92,42,93,
48,50,96,41,
25,81,83,95,
83,55,15,88,
81,42,95,87,
97,57,94,72,
79,72,86,79,
71,62,86,94,
79,95,46,47,
96,29,41,58,
42,48,21,100,
43,11,100,19,
31,98,28,92,
80,91,14,61,
40,40,26,18,
79,31,96,24,
51,54,70,97,
45,94,59,32,
95,69,63,29,
72,26,19,100,
37,12,56,36,
58,61,34,56,
79,12,94,81,
100,68,73,67,
66,15,26,54,
47,68,27,50,
57,44,90,70,
84,96,35,23,
59,59,59,49,
34,49,59,67,
73,54,63,67,
23,48,10,82,
55,42,82,56,
77,21,42,99,
69,99,51,68,
78,49,55,78,
30,21,32,42,
10,93,72,59,
32,45,47,24,
18,78,60,49,
75,58,80,80,
85,76,12,12,
38,86,37,50,
55,74,92,27,
67,15,98,66,
22,53,97,40,
68,37,93,84,
14,34,79,20,
89,70,94,86,
27,38,89,91,
52,89,39,13,
60,96,41,23,
19,50,54,45,
63,86,71,88,
14,69,79,37,
69,47,92,61,
89,26,98,65,
77,89,67,62,
63,84,94,63,
89,54,29,66,
91,52,80,66,
73,72,65,38,
79,75,28,87,
17,30,79,65,
24,76,66,43,
16,34,35,52,
86,60,49,46,
69,45,43,78,
38,61,34,17,
60,16,87,18,
24,42,83,38,
58,51,26,77,
39,86,39,74,
92,32,20,20,
44,66,19,74,
12,69,20,26,
62,51,21,50,
46,24,33,63,
51,65,21,86,
43,97,60,33,
19,83,55,87,
84,24,62,21,
52,46,100,20,
83,94,91,20,
73,14,33,67,
17,53,100,91,
49,28,76,91,
65,22,94,82,
67,17,68,41,
74,38,90,70,
66,88,56,100,
28,30,72,67,
50,61,30,94,
50,37,23,16,
44,37,90,45,
18,28,55,19,
47,66,37,96,
93,78,99,18,
58,27,78,33,
61,26,12,64,
80,79,69,22,
20,70,52,68,
11,23,23,61,
68,22,81,25,
71,79,43,54,
39,29,11,15,
55,12,98,32,
19,74,74,99,
81,83,40,34,
31,77,59,16,
23,69,23,88,
70,67,28,67,
100,83,58,58,
58,43,78,15,
65,29,22,93,
22,10,98,94,
61,19,27,93,
63,68,84,91,
36,47,78,86,
83,77,29,33,
98,44,72,66,
62,83,33,91,
64,91,47,33,
36,17,39,47,
26,43,30,66,
61,83,68,88,
96,18,11,12,
58,67,10,58,
39,95,17,71,
77,16,27,48,
20,26,60,91,
41,60,93,75,
10,66,48,29,
78,93,44,73,
36,42,100,73,
90,67,33,99,
51,43,96,100,
96,37,11,21,
27,31,85,84,
70,16,86,77,
79,87,73,68,
56,36,27,83,
74,73,80,53,
30,90,37,59,
46,66,70,54,
12,13,17,75,
58,34,98,76,
28,33,66,90,
46,65,13,16,
88,65,27,51,
94,48,94,16,
63,95,45,86,
67,81,93,42,
46,21,11,74,
27,63,16,41,
61,92,97,61,
36,84,12,34,
73,82,57,16,
79,68,46,27,
80,97,35,27,
83,47,48,13,
75,55,79,79,
64,26,30,31,
70,41,96,82,
65,90,17,11,
38,33,99,85,
29,21,72,32,
67,23,37,58,
46,45,60,23,
57,27,31,90,
92,14,59,58,
97,72,15,76,
61,80,65,97,
95,13,62,26,
58,31,95,51,
97,55,71,39,
16,95,67,45,
83,98,28,40,
83,64,99,20,
27,86,96,100,
37,59,65,65,
26,78,46,32,
86,98,32,60,
60,66,13,100,
79,41,98,13,
99,81,66,19,
61,91,96,16,
61,62,98,49,
88,89,52,77,
85,37,25,63,
53,61,78,62,
41,29,22,24,
85,17,27,99,
40,49,48,74,
28,59,83,36,
24,58,98,94,
100,74,85,100,
80,10,98,95,
18,14,64,35,
51,29,81,72,
87,70,52,52,
57,46,79,74,
77,33,25,10,
28,49,10,81,
61,74,57,77,
16,56,10,55,
90,19,22,36,
14,90,10,98,
78,81,28,78,
87,97,95,57,
21,71,71,19,
84,65,23,80,
47,98,33,91,
80,74,78,43,
54,91,58,84,
10,72,69,60,
94,44,94,85,
72,26,43,62,
15,44,53,64,
16,78,95,60,
62,35,26,23,
14,66,55,44,
30,54,81,27,
43,37,45,17,
74,29,52,66,
96,41,90,75,
72,72,42,35,
88,36,26,33,
48,91,53,29,
51,15,29,34,
70,73,37,88,
75,97,80,88,
88,67,76,55,
100,95,70,30,
37,88,94,13,
45,59,51,14,
41,57,62,74,
45,64,49,75,
12,99,36,69,
17,78,64,24,
77,78,14,38,
34,30,64,84,
20,63,92,41,
33,70,44,18,
63,35,86,47,
82,42,71,19,
78,38,42,43,
65,48,35,11,
72,19,51,52,
89,90,30,48,
33,59,33,81,
42,40,74,35,
30,57,47,52,
95,66,67,39,
94,53,79,88,
27,17,60,42,
64,10,30,99,
68,83,11,86,
93,88,80,89,
84,51,96,46,
29,95,18,80,
16,13,39,26,
16,78,20,30,
92,46,79,100,
20,92,60,15,
30,93,24,20,
23,82,61,18,
70,50,95,95,
18,39,18,75,
88,95,94,10,
30,52,68,48,
83,37,30,97,
86,24,37,10,
50,39,22,59,
77,19,86,42,
47,17,96,76,
67,11,77,96,
31,73,46,81,
29,95,54,15,
43,71,17,91,
52,42,15,15,
41,75,76,33,
27,81,19,13,
19,96,42,98,
46,18,21,17,
55,73,96,19,
29,90,59,69,
65,32,35,75,
73,97,82,32,
78,46,61,56,
40,51,69,60,
21,86,100,95,
81,81,95,43,
85,68,75,13,
86,23,83,97,
45,25,74,78,
81,54,68,75,
44,61,28,61,
16,14,87,98,
67,78,90,37,
43,28,62,65,
67,99,71,37,
54,26,52,26,
96,70,30,76,
95,12,82,45,
74,58,54,17,
62,80,25,28,
60,27,98,34,
19,18,97,89,
44,83,50,97,
40,82,17,11,
54,47,70,72,
85,81,99,28,
43,39,55,43,
78,56,86,23,
32,63,48,22,
44,98,32,62,
39,42,58,68,
51,15,53,82,
82,65,62,82,
100,28,59,27,
31,57,27,50,
53,31,87,79,
63,50,34,19,
10,58,100,93,
55,85,42,41,
74,55,78,25,
80,57,55,32,
79,20,80,17,
84,72,25,86,
26,67,73,59,
18,77,57,21,
45,58,55,40,
80,59,33,100,
19,84,51,18,
53,37,34,49,
85,78,61,80,
15,21,55,52,
76,39,11,34,
86,14,63,38,
43,89,42,26,
31,59,53,27,
45,22,82,83,
31,43,61,89,
49,20,46,13,
50,100,71,35,
84,99,70,30,
11,42,37,93,
87,88,29,12,
10,57,62,32,
84,26,66,99,
26,86,90,92,
61,72,33,79,
23,26,63,38,
92,55,20,49,
18,98,82,77,
24,71,75,95,
59,15,76,74,
81,49,41,56,
93,79,34,63,
58,97,17,78,
40,86,46,66,
11,98,30,25,
82,46,15,41,
20,94,73,65,
77,74,50,13,
79,65,86,67,
26,26,92,39,
60,81,33,78,
12,39,31,36,
90,26,50,86,
82,33,30,12,
81,45,69,71,
30,14,67,81,
91,88,44,60,
35,39,50,11,
12,24,63,81,
54,11,26,93,
89,24,80,61,
63,36,57,21,
95,86,92,91,
43,81,29,79,
14,68,31,79,
17,20,55,55,
19,82,30,81,
54,52,32,35,
20,80,97,100,
52,26,33,36,
99,22,75,25,
49,53,51,82,
91,95,83,11,
57,75,81,44,
24,10,45,73,
50,50,46,30,
75,53,19,67,
57,45,72,81,
59,85,55,72,
15,57,36,69,
20,52,97,50,
13,58,64,25,
34,69,96,36,
99,28,85,65,
83,30,39,65,
98,31,44,19,
32,84,87,77,
79,92,40,48,
73,35,83,90,
22,59,10,14,
86,74,43,39,
45,20,96,34,
35,90,33,12,
46,46,53,39,
26,33,81,91,
49,95,55,46,
23,45,67,36,
62,64,46,44,
78,89,23,58,
57,99,52,78,
56,13,18,20,
65,43,37,11,
83,67,64,48,
11,32,15,81,
77,55,86,53,
15,31,80,34,
75,11,71,95,
86,36,49,35,
85,79,87,69,
32,37,14,81,
10,24,28,34,
55,71,14,38,
66,45,22,81,
12,20,19,68,
80,64,25,100,
11,27,75,39,
32,24,21,90,
66,19,49,33,
65,54,50,78,
88,96,12,11,
40,38,68,74,
68,53,58,54,
77,68,24,12,
45,72,80,33,
11,92,46,43,
72,100,90,31,
42,84,75,66,
12,73,63,53,
99,89,24,30,
72,31,88,36,
91,24,96,23,
97,30,81,97,
52,75,66,18,
68,27,87,11,
17,65,37,25,
62,63,36,100,
45,68,73,49,
10,41,99,52,
79,92,90,37,
74,77,25,78,
32,29,19,26,
46,62,27,85,
70,77,26,19,
72,39,33,34,
34,13,38,15,
28,95,25,63,
86,59,86,67,
81,79,54,45,
72,24,100,71,
24,75,17,35,
67,86,71,77,
37,70,34,65,
77,58,20,45,
61,86,56,38,
81,97,25,30,
19,49,48,57,
58,13,20,87,
65,25,96,79,
98,44,57,28,
33,10,31,77,
52,76,96,81,
67,94,73,61,
10,27,61,99,
37,56,66,76,
12,75,45,54,
54,46,77,79,
74,63,57,24,
27,14,64,77,
32,82,23,17,
25,98,20,93,
89,42,82,58,
87,80,26,26,
56,26,22,23,
100,86,27,44,
17,42,78,33,
47,75,76,45,
63,84,64,94,
48,89,84,11,
66,45,27,20,
38,13,82,97,
53,13,22,57,
29,25,67,35,
69,85,31,96,
87,43,50,58,
32,74,85,31,
98,55,83,34,
57,11,78,18,
41,69,20,88,
99,73,97,93,
13,42,73,62,
21,41,76,83,
21,44,98,25,
95,95,96,14,
27,88,12,64,
80,89,21,42,
93,76,92,30,
37,39,18,49,
100,37,59,41,
81,94,41,45,
30,58,73,76,
75,66,53,58,
54,16,50,23,
99,61,57,54,
44,86,91,14,
42,17,97,91,
16,53,29,65,
62,19,14,17,
91,26,64,11,
42,69,31,57,
85,10,78,88,
75,81,79,11,
99,93,42,92,
99,80,28,27,
33,98,68,80,
52,97,20,15,
82,26,82,36,
44,65,33,82,
92,24,95,10,
41,19,89,74,
78,33,67,78,
96,37,23,23,
37,29,22,52,
97,79,41,61,
80,56,17,14,
10,81,36,61,
60,72,80,60,
73,32,44,72,
71,59,96,61,
15,73,62,41,
63,30,97,44,
95,98,58,78,
15,51,37,24,
49,92,92,69,
13,60,11,54,
10,30,67,93,
44,14,75,65,
38,37,36,95,
100,96,72,60,
39,42,55,77,
46,36,96,84,
57,40,21,51,
30,63,12,22,
88,12,88,73,
94,88,19,43,
23,65,22,34,
35,95,80,27,
29,40,65,36,
53,71,33,45,
69,61,93,32,
66,23,53,50,
25,81,81,38,
60,66,40,28,
30,34,21,53,
43,73,33,31,
75,81,47,87,
68,54,62,15,
100,12,46,40,
60,33,21,57,
26,86,53,67,
78,30,32,90,
34,13,92,96,
68,13,17,21,
67,84,62,94,
78,25,100,86,
86,52,63,80,
53,51,71,85,
24,35,63,54,
44,93,77,28,
95,44,32,64,
77,36,90,49,
46,60,37,36,
51,50,62,59,
35,49,100,66,
94,64,94,28,
51,14,83,68,
93,55,82,66,
81,84,31,48,
76,57,63,21,
25,27,52,18,
35,76,12,64,
82,49,93,94,
86,24,20,47,
63,16,77,21,
99,20,39,49,
69,27,46,78,
88,86,28,25,
63,72,59,35,
90,48,91,66,
