40,70,54,42,
42,82,65,37,
89,65,18,60,
70,85,39,98,
27,71,75,35,
45,70,44,71,
45,20,89,39,
38,86,20,62,
82,37,39,40,
22,90,39,65,
97,65,37,83,
78,69,58,76,
10,75,60,40,
13,12,46,22,
70,90,68,33,
67,24,40,55,
67,12,13,87,
45,33,33,19,
68,99,81,42,
100,30,47,37,
24,44,77,30,
25,77,81,79,
26,71,47,27,
80,68,44,45,
62,54,39,47,
20,86,31,38,
28,69,17,58,
80,23,19,69,
49,38,65,58,
21,29,62,10,
90,50,15,22,
54,71,28,58,
38,31,87,90,
97,52,52,28,
45,86,25,31,
12,15,98,88,
57,23,87,72,
86,34,42,96,
96,62,68,99,
36,66,95,36,
79,90,43,90,
43,44,12,18,
70,93,80,99,
36,25,38,26,
67,87,79,33,
72,60,26,13,
21,39,70,35,
75,11,79,11,
68,51,23,45,
86,33,71,80,
71,17,13,29,
76,17,58,71,
11,75,58,81,
49,66,27,34,
16,71,50,58,
11,69,72,47,
95,80,11,90,
49,84,50,44,
20,35,100,55,
23,47,66,87,
97,98,65,13,
69,75,60,85,
91,37,59,28,
72,31,30,44,
37,48,78,70,
76,78,93,61,
78,86,27,45,
55,96,27,84,
41,91,86,44,
21,66,26,66,
94,63,90,21,
74,76,37,17,
11,97,44,70,
16,24,86,39,
50,26,50,94,
46,61,80,73,
63,86,87,82,
100,58,36,70,
29,78,89,21,
86,54,72,98,
56,96,60,100,
11,30,82,73,
19,19,76,74,
96,78,93,38,
19,84,74,31,
35,31,71,39,
48,48,83,69,
44,84,19,13,
28,34,30,62,
74,84,81,10,
47,25,81,90,
18,77,58,81,
88,28,30,62,
79,94,70,33,
14,16,92,18,
10,61,94,23,
62,30,23,76,
30,48,76,14,
50,51,81,82,
87,61,59,32,
57,84,93,48,
87,82,34,20,
17,95,64,17,
79,37,40,24,
68,97,31,52,
90,65,75,18,
44,68,31,27,
60,22,68,68,
33,100,41,68,
69,74,68,82,
41,90,90,39,
22,27,85,33,
17,51,86,43,
32,12,75,86,
29,33,47,71,
79,97,95,58,
64,52,97,19,
73,91,46,30,
35,18,31,31,
40,11,21,78,
41,77,97,69,
80,73,71,72,
52,56,58,43,
68,33,98,12,
57,63,24,22,
63,91,27,27,
21,17,76,78,
85,36,10,83,
75,39,100,15,
79,33,32,45,
92,30,28,42,
89,63,35,61,
92,39,31,35,
17,98,70,56,
44,70,16,73,
48,61,25,11,
63,83,93,13,
23,60,32,84,
61,91,28,45,
87,62,38,80,
29,12,37,90,
43,74,32,13,
56,99,71,29,
73,93,17,53,
48,10,56,87,
36,69,85,30,
75,18,75,41,
76,69,32,75,
27,81,38,47,
60,77,53,26,
21,84,34,20,
64,96,49,53,
72,82,55,59,
12,96,66,52,
40,94,74,87,
23,40,14,42,
33,18,25,83,
51,67,46,14,
92,99,38,22,
61,95,56,75,
11,10,91,51,
88,38,53,99,
38,43,95,64,
93,67,22,92,
22,80,95,16,
66,11,52,51,
10,46,20,67,
49,25,73,79,
40,81,94,95,
82,37,38,23,
49,36,61,94,
27,95,80,60,
67,35,72,18,
89,71,88,38,
50,67,39,66,
19,59,92,53,
24,37,78,28,
37,53,17,88,
20,34,60,47,
21,75,36,85,
55,57,51,92,
55,73,91,38,
22,87,98,65,
25,50,86,12,
86,90,60,85,
26,28,96,22,
19,36,74,16,
53,66,83,39,
40,21,95,87,
15,85,45,99,
55,21,79,46,
46,68,29,58,
45,96,60,54,
64,85,96,29,
36,99,27,44,
44,24,20,59,
77,64,56,52,
66,43,21,29,
18,45,22,35,
72,93,45,72,
53,43,70,11,
89,17,61,18,
36,28,16,84,
36,73,31,14,
80,93,74,72,
76,71,62,16,
27,15,31,32,
100,25,12,25,
77,14,81,82,
55,37,58,10,
77,35,67,56,
58,53,52,29,
54,55,59,87,
95,39,66,94,
61,94,44,65,
15,62,69,24,
16,34,70,45,
56,82,98,98,
14,75,74,17,
21,79,94,33,
84,34,33,68,
76,49,62,41,
41,98,26,98,
71,29,14,75,
64,71,22,73,
49,87,82,97,
27,27,31,36,
33,38,41,56,
77,81,66,27,
97,64,72,100,
12,50,14,41,
11,75,37,54,
77,40,11,74,
87,15,20,73,
85,11,75,41,
84,40,94,52,
92,62,100,15,
33,89,27,33,
45,27,56,58,
83,69,97,30,
41,55,55,82,
24,13,74,49,
63,15,59,90,
18,16,50,83,
77,61,53,93,
34,16,45,63,
29,19,68,87,
41,37,40,64,
17,14,32,100,
60,42,77,26,
20,95,39,23,
78,30,100,53,
18,75,72,90,
45,19,59,73,
27,74,22,24,
24,64,54,67,
10,74,13,24,
57,46,18,11,
50,14,19,74,
67,68,57,45,
66,22,71,98,
15,78,19,95,
30,59,53,95,
56,30,70,80,
33,56,45,34,
25,25,27,50,
42,74,28,29,
87,21,37,80,
22,23,19,63,
13,32,18,22,
11,64,86,26,
22,38,26,45,
87,31,90,35,
11,18,27,10,
23,35,17,89,
81,12,34,10,
58,43,81,57,
93,68,18,78,
85,38,80,70,
66,59,37,17,
45,41,79,39,
11,18,62,99,
94,58,14,99,
51,21,74,82,
65,98,69,89,
14,57,37,56,
38,86,64,65,
84,31,13,17,
37,92,31,29,
13,26,39,36,
90,17,32,18,
83,42,65,78,
17,84,61,65,
55,75,100,33,
82,20,45,43,
94,39,60,36,
97,28,89,46,
31,52,58,100,
67,57,79,90,
57,92,88,63,
75,43,84,31,
29,51,45,16,
47,78,84,70,
97,90,79,18,
17,88,28,48,
46,20,44,94,
93,52,57,52,
73,35,49,99,
71,17,100,10,
12,37,94,10,
80,91,33,81,
53,91,35,62,
30,42,49,53,
53,12,11,40,
57,70,34,39,
47,34,42,60,
83,63,69,75,
17,38,61,88,
44,37,48,26,
62,85,16,12,
99,39,44,26,
31,61,86,83,
64,57,72,20,
25,41,72,66,
26,63,96,18,
27,17,39,12,
71,29,35,68,
28,64,58,75,
31,51,46,87,
19,62,22,31,
34,39,49,17,
41,16,66,64,
60,95,36,60,
57,32,85,71,
66,20,56,83,
53,15,98,75,
36,57,12,97,
18,21,97,81,
35,31,86,44,
90,86,55,53,
100,14,63,29,
89,77,80,26,
51,10,45,85,
23,69,59,68,
21,32,17,11,
34,81,97,76,
96,85,44,74,
62,71,15,65,
83,13,99,63,
84,96,68,92,
84,45,97,84,
66,59,21,41,
78,82,66,52,
54,37,46,91,
65,24,39,21,
51,44,71,92,
49,24,20,31,
14,43,89,24,
47,90,80,88,
94,44,66,42,
52,31,84,20,
19,90,41,96,
78,52,99,62,
77,67,65,60,
59,60,84,17,
56,85,84,49,
95,11,65,23,
76,46,65,20,
45,70,22,57,
47,21,53,97,
73,62,92,68,
67,30,70,34,
67,56,12,48,
28,53,95,36,
71,58,92,39,
77,89,35,73,
73,37,96,45,
23,42,80,90,
62,38,23,38,
55,13,83,61,
94,82,64,84,
57,98,93,20,
96,18,27,84,
97,70,98,48,
16,89,64,20,
98,100,56,79,
38,13,30,83,
21,16,65,36,
49,38,67,50,
34,26,45,75,
57,46,17,64,
78,74,14,29,
67,95,71,27,
72,44,31,24,
45,33,55,56,
33,59,100,52,
25,93,11,19,
84,26,35,93,
76,73,82,61,
16,75,50,23,
13,19,91,59,
72,37,76,17,
72,36,23,95,
20,32,37,27,
97,90,61,40,
53,16,89,83,
51,30,30,100,
60,36,23,39,
88,42,17,92,
100,17,31,49,
51,29,48,76,
72,78,63,12,
68,85,81,27,
83,95,27,61,
45,78,60,10,
20,52,23,11,
90,37,53,80,
98,58,18,80,
73,91,56,54,
24,89,87,19,
22,11,80,21,
78,89,34,45,
46,45,56,75,
82,40,72,90,
21,85,93,30,
30,45,30,54,
19,87,44,11,
87,89,74,41,
78,31,56,10,
37,30,79,99,
60,26,42,51,
45,21,14,66,
44,41,58,97,
17,98,96,34,
89,44,18,65,
78,60,50,54,
49,60,11,56,
91,64,91,50,
81,99,70,18,
99,82,64,26,
60,75,71,93,
28,73,53,90,
10,32,98,78,
95,96,14,29,
29,71,67,10,
37,18,54,44,
13,17,65,77,
90,48,11,16,
55,19,44,77,
62,27,35,34,
70,62,20,34,
33,57,94,17,
24,30,87,59,
54,11,12,28,
23,100,31,31,
10,94,87,27,
67,15,80,35,
74,24,48,76,
62,49,33,35,
72,44,91,45,
53,24,48,37,
58,69,28,31,
35,71,65,46,
85,13,54,84,
93,46,74,38,
16,75,54,13,
77,78,63,76,
83,63,74,14,
34,55,64,56,
55,55,87,15,
81,38,43,69,
93,17,14,89,
100,35,68,28,
15,54,97,48,
29,17,52,77,
52,22,58,31,
84,35,99,74,
10,44,40,67,
37,35,86,41,
56,58,21,49,
88,89,97,50,
74,38,24,61,
83,87,91,32,
28,81,93,81,
29,33,37,78,
26,23,64,75,
49,52,61,88,
45,57,79,57,
52,49,68,57,
91,99,30,55,
77,88,15,13,
26,47,82,46,
97,40,12,59,
34,78,61,90,
10,32,98,83,
28,50,58,25,
40,40,18,20,
50,68,70,40,
76,98,72,23,
82,93,57,77,
