61,55,61,45,
54,48,24,68,
33,20,50,31,
88,86,32,66,
100,33,79,73,
94,53,42,95,
90,58,46,68,
76,37,94,13,
99,92,87,65,
64,36,75,44,
15,97,48,69,
14,58,50,85,
67,100,92,92,
35,31,99,65,
16,79,57,49,
82,86,14,53,
11,29,87,19,
10,35,13,32,
65,43,54,55,
68,61,11,70,
82,26,90,96,
23,84,32,99,
43,90,10,86,
22,90,54,50,
12,46,58,45,
43,45,87,61,
68,49,44,40,
12,26,40,39,
48,70,45,32,
99,37,67,70,
18,63,36,98,
38,86,57,22,
81,30,84,43,
43,32,17,50,
98,21,17,57,
24,23,93,21,
22,13,10,11,
43,67,80,66,
92,37,15,74,
22,55,37,75,
66,13,24,36,
52,26,70,66,
36,19,67,92,
17,83,40,48,
96,40,44,43,
15,80,14,82,
36,62,39,36,
21,30,68,18,
23,35,54,99,
99,74,41,94,
100,51,94,43,
90,21,68,56,
67,13,92,47,
21,98,95,44,
40,81,38,19,
24,22,81,89,
50,15,71,91,
39,60,100,42,
59,49,11,56,
20,96,34,19,
57,46,21,62,
94,59,40,45,
81,41,96,56,
23,29,35,21,
87,91,80,63,
92,89,50,36,
82,40,65,62,
21,80,73,51,
19,58,49,15,
44,54,68,58,
48,73,14,47,
75,30,16,86,
65,55,55,16,
52,17,23,40,
43,97,56,44,
58,99,67,93,
64,18,48,35,
84,77,41,24,
91,54,58,78,
72,33,18,36,
20,84,31,13,
48,97,46,71,
21,29,93,49,
81,37,78,13,
58,16,85,82,
92,45,99,34,
78,12,60,52,
29,96,99,48,
96,48,33,24,
11,90,91,41,
28,33,71,95,
53,21,56,65,
85,38,10,24,
23,27,60,22,
57,41,16,48,
100,16,17,78,
61,61,48,26,
26,43,53,22,
59,65,79,82,
72,23,60,90,
95,67,77,64,
88,81,89,57,
84,35,24,19,
76,51,76,49,
69,12,69,52,
44,35,63,15,
96,11,93,19,
84,95,29,92,
59,38,67,22,
33,48,36,98,
99,60,68,39,
12,43,36,94,
10,84,11,47,
35,55,88,56,
66,46,54,20,
19,50,48,50,
10,87,82,17,
61,98,18,31,
32,79,78,64,
64,97,62,70,
56,27,90,82,
91,28,82,60,
79,65,29,12,
80,21,37,46,
83,30,44,87,
54,52,48,22,
73,34,24,56,
14,71,96,11,
80,77,32,71,
55,80,21,20,
42,100,28,84,
18,85,45,33,
58,43,98,50,
55,99,31,50,
23,46,96,33,
26,73,10,71,
14,86,29,43,
17,61,23,17,
91,85,80,70,
97,54,59,30,
44,97,96,70,
83,14,43,69,
80,50,75,21,
53,51,43,16,
46,38,47,95,
25,43,83,21,
25,80,21,34,
16,63,74,88,
97,56,72,25,
85,85,89,32,
67,65,56,32,
79,91,33,30,
47,52,92,69,
78,19,74,83,
93,64,20,82,
98,85,63,14,
65,86,71,54,
93,77,79,85,
61,84,91,26,
56,20,31,42,
17,36,18,93,
74,27,26,69,
54,71,36,33,
33,66,47,72,
98,86,89,24,
57,65,25,97,
49,68,70,97,
76,86,85,83,
25,28,64,14,
67,58,61,65,
43,56,47,41,
44,68,49,61,
28,78,82,24,
61,65,73,94,
72,66,87,59,
11,76,39,15,
14,46,92,10,
57,31,89,89,
86,40,18,58,
65,69,90,53,
16,74,18,72,
75,70,76,47,
57,74,39,69,
52,12,70,66,
37,61,66,85,
84,36,35,82,
55,88,94,68,
84,25,26,90,
56,83,64,39,
83,19,13,77,
62,30,98,30,
15,82,43,53,
42,35,90,54,
24,73,50,77,
19,33,43,41,
59,93,26,94,
75,22,99,28,
61,12,32,60,
19,34,60,79,
74,27,30,57,
48,45,37,96,
37,97,78,56,
60,76,39,94,
96,62,36,41,
72,25,49,36,
75,22,27,41,
33,13,44,85,
11,13,97,28,
31,56,99,65,
32,90,81,69,
97,61,51,71,
90,54,78,77,
34,71,86,45,
99,98,78,33,
61,96,94,34,
65,28,69,83,
73,73,29,36,
97,90,81,98,
34,18,24,29,
36,29,63,93,
36,89,27,18,
48,70,95,10,
46,46,26,11,
31,56,64,51,
26,52,45,45,
13,21,48,88,
95,41,25,42,
16,59,68,39,
77,14,80,62,
65,32,54,18,
43,81,25,51,
16,94,63,47,
56,29,58,25,
67,67,29,98,
18,79,29,66,
23,98,92,85,
49,33,48,76,
17,31,73,67,
97,73,58,81,
69,82,12,62,
36,29,56,57,
36,61,49,48,
10,78,66,50,
71,54,29,63,
87,58,81,66,
92,72,58,95,
96,29,90,52,
39,52,37,93,
31,85,69,17,
49,99,74,52,
60,63,41,59,
54,91,43,25,
16,45,21,78,
22,67,24,66,
30,36,93,99,
62,33,25,36,
25,31,27,12,
65,86,94,20,
51,66,80,52,
11,14,79,73,
80,59,86,92,
80,67,79,22,
42,27,91,95,
100,96,87,50,
11,78,35,14,
79,86,49,46,
89,65,65,26,
86,12,66,60,
62,96,36,51,
68,72,28,72,
32,86,10,64,
10,57,63,82,
10,96,82,78,
86,13,77,98,
15,72,64,65,
31,82,34,12,
74,37,32,91,
72,90,25,55,
35,99,77,73,
51,39,97,31,
28,43,14,99,
99,77,16,54,
13,100,32,72,
62,72,100,89,
73,18,36,84,
36,76,12,76,
42,97,32,63,
97,65,68,98,
66,95,44,90,
40,90,29,12,
80,99,11,17,
28,66,21,32,
79,22,54,40,
41,71,66,51,
84,96,90,11,
38,53,58,37,
35,51,49,76,
79,15,79,17,
17,94,71,84,
94,23,26,60,
82,39,79,58,
61,86,98,79,
91,60,32,55,
17,54,33,14,
10,33,34,26,
84,91,75,12,
91,69,11,66,
18,63,31,24,
76,57,26,93,
22,17,58,32,
71,44,24,95,
69,19,93,76,
55,74,79,52,
37,88,65,36,
56,83,33,81,
20,73,68,34,
18,82,42,42,
41,23,44,89,
35,59,18,19,
68,63,67,73,
10,61,18,29,
43,41,15,94,
99,49,15,96,
90,55,96,13,
88,84,43,67,
79,13,40,83,
91,93,30,30,
93,78,77,24,
84,15,40,86,
98,68,71,47,
42,84,17,68,
51,26,30,35,
32,53,36,71,
77,18,44,72,
84,10,79,95,
16,44,76,83,
75,18,96,74,
10,46,64,84,
99,16,79,24,
52,20,47,61,
55,61,66,48,
63,12,64,10,
53,72,32,61,
85,84,30,21,
89,45,31,81,
99,70,75,10,
99,13,77,99,
100,71,69,37,
27,93,83,67,
50,20,55,65,
28,32,20,13,
54,94,35,92,
62,83,98,73,
11,31,40,93,
32,34,98,52,
75,20,22,91,
31,12,99,45,
47,90,64,99,
46,94,58,34,
26,95,39,43,
49,47,50,10,
67,15,20,74,
25,14,82,41,
99,34,72,39,
57,27,13,47,
17,95,41,22,
66,75,73,37,
14,19,24,80,
67,21,32,54,
49,36,64,17,
97,25,98,25,
55,93,41,99,
23,36,13,95,
66,97,16,79,
37,52,89,21,
58,57,27,29,
58,88,79,61,
77,70,41,88,
100,71,56,35,
46,88,78,21,
95,67,39,66,
39,56,46,61,
85,31,98,76,
91,59,45,12,
62,26,52,17,
81,85,31,67,
11,97,75,95,
76,96,34,77,
25,59,30,73,
30,32,38,61,
26,89,43,39,
81,77,26,62,
27,32,73,31,
39,22,15,58,
46,83,37,23,
83,61,18,96,
76,11,59,36,
60,89,51,76,
12,26,25,64,
79,23,62,41,
18,47,30,82,
87,69,40,82,
26,57,78,41,
81,18,65,36,
30,16,99,80,
18,60,89,23,
16,42,54,97,
21,66,73,85,
83,95,69,33,
10,59,16,22,
44,30,60,33,
17,45,28,53,
51,50,19,90,
16,43,71,56,
69,63,45,20,
12,92,16,80,
39,34,49,92,
92,82,44,53,
11,56,67,45,
61,64,32,40,
28,51,72,14,
75,87,47,11,
84,38,62,17,
91,48,35,62,
54,66,51,48,
19,53,10,26,
42,43,88,68,
24,67,21,41,
69,61,87,69,
72,99,25,17,
98,19,47,38,
76,80,83,65,
61,66,59,53,
52,21,21,28,
28,28,45,52,
49,47,23,19,
61,11,93,83,
29,30,20,34,
77,81,54,77,
26,24,79,78,
17,70,31,80,
56,95,62,81,
40,48,82,57,
47,77,31,11,
25,25,43,75,
32,70,85,64,
80,26,34,87,
42,41,50,93,
98,55,17,84,
25,69,38,99,
62,82,31,36,
74,72,78,35,
33,21,92,23,
92,15,88,12,
28,58,88,12,
43,56,87,37,
49,56,31,47,
39,20,66,85,
89,44,97,63,
75,75,55,14,
19,74,22,93,
98,99,55,85,
59,59,17,80,
59,23,79,31,
40,81,17,92,
70,79,91,72,
60,94,17,21,
33,92,65,52,
14,96,28,51,
57,20,58,89,
89,32,99,53,
33,29,71,26,
24,35,18,53,
69,46,81,19,
71,79,50,49,
52,46,60,67,
56,70,71,84,
95,27,14,53,
96,69,68,69,
11,18,96,68,
86,37,37,52,
17,86,21,100,
24,73,33,22,
94,29,48,74,
58,80,52,51,
81,18,29,20,
21,80,74,49,
21,36,69,59,
29,52,44,83,
66,42,30,82,
13,56,75,76,
57,44,21,36,
52,78,84,12,
55,22,18,56,
69,63,26,42,
92,91,38,27,
99,12,56,30,
48,11,58,63,
46,69,99,79,
56,51,29,26,
